0.000000000000000000e+00
0.000000000000000000e+00
0.000000000000000000e+00
0.000000000000000000e+00
0.000000000000000000e+00
0.000000000000000000e+00
0.000000000000000000e+00
0.000000000000000000e+00
0.000000000000000000e+00
0.000000000000000000e+00
0.000000000000000000e+00
0.000000000000000000e+00
0.000000000000000000e+00
0.000000000000000000e+00
0.000000000000000000e+00
0.000000000000000000e+00
0.000000000000000000e+00
0.000000000000000000e+00
0.000000000000000000e+00
0.000000000000000000e+00
0.000000000000000000e+00
0.000000000000000000e+00
0.000000000000000000e+00
0.000000000000000000e+00
0.000000000000000000e+00
0.000000000000000000e+00
0.000000000000000000e+00
0.000000000000000000e+00
0.000000000000000000e+00
0.000000000000000000e+00
0.000000000000000000e+00
0.000000000000000000e+00
0.000000000000000000e+00
0.000000000000000000e+00
0.000000000000000000e+00
0.000000000000000000e+00
0.000000000000000000e+00
0.000000000000000000e+00
0.000000000000000000e+00
0.000000000000000000e+00
0.000000000000000000e+00
0.000000000000000000e+00
0.000000000000000000e+00
0.000000000000000000e+00
0.000000000000000000e+00
0.000000000000000000e+00
0.000000000000000000e+00
0.000000000000000000e+00
0.000000000000000000e+00
0.000000000000000000e+00
0.000000000000000000e+00
0.000000000000000000e+00
0.000000000000000000e+00
0.000000000000000000e+00
0.000000000000000000e+00
0.000000000000000000e+00
0.000000000000000000e+00
0.000000000000000000e+00
0.000000000000000000e+00
0.000000000000000000e+00
0.000000000000000000e+00
0.000000000000000000e+00
0.000000000000000000e+00
0.000000000000000000e+00
0.000000000000000000e+00
0.000000000000000000e+00
0.000000000000000000e+00
0.000000000000000000e+00
0.000000000000000000e+00
0.000000000000000000e+00
0.000000000000000000e+00
0.000000000000000000e+00
0.000000000000000000e+00
0.000000000000000000e+00
0.000000000000000000e+00
0.000000000000000000e+00
0.000000000000000000e+00
0.000000000000000000e+00
0.000000000000000000e+00
0.000000000000000000e+00
0.000000000000000000e+00
0.000000000000000000e+00
0.000000000000000000e+00
0.000000000000000000e+00
0.000000000000000000e+00
0.000000000000000000e+00
0.000000000000000000e+00
0.000000000000000000e+00
-1.828042889612612213e-322
-1.782243004243128659e-319
-1.589935164957852724e-316
-1.324711295100564680e-313
-1.030876819370141138e-310
-7.492686968716577155e-308
-5.086456179752072352e-305
-3.225088102307318128e-302
-1.909932877002459468e-299
-1.056444289570255491e-296
-5.457941068687866832e-294
-2.633702128176351303e-291
-1.187030608910027523e-288
-4.997083142117024274e-286
-1.964864659428198751e-283
-7.216260603066805346e-281
-2.475468797743427849e-278
-7.931780017160984638e-276
-2.373855081526770123e-273
-6.636064223395306737e-271
-1.732775985227876765e-268
-4.226223785172374952e-266
-9.628169140696976131e-264
-2.048892512681314510e-261
-4.072697559022503465e-259
-7.561990831850110097e-257
-1.311549955835158839e-254
-2.124869089845900357e-252
-3.215750787746083141e-250
-4.546110192109321767e-248
-6.003571977291926760e-246
-7.406224037507572791e-244
-8.535065911663315888e-242
-9.188524773658795188e-240
-9.241021941823841666e-238
-8.682332879577159267e-236
-7.620834865723975264e-234
-6.249228753411669874e-232
-4.787587984150370631e-230
-3.426754814737094392e-228
-2.291582234402756025e-226
-1.431809101269817864e-224
-8.358803417617427935e-223
-4.559587418348001485e-221
-2.324040604814733259e-219
-1.106914775553313382e-217
-4.926675656901872426e-216
-2.049187337486455944e-214
-7.965583786860438724e-213
-2.893904006955319024e-211
-9.826654609916913710e-210
-3.118956085343206384e-208
-9.253893613837841080e-207
-2.566753544704671385e-205
-6.656171136125685941e-204
-1.613933205052058240e-202
-3.659417501694474370e-201
-7.759849253955020539e-200
-1.539092991290108181e-198
-2.855673727527345792e-197
-4.957399227331551333e-196
-8.053393211783773744e-195
-1.224536621150531403e-193
-1.743140308594616521e-192
-2.323667839628840756e-191
-2.901524629072513565e-190
-3.394979207972090346e-189
-3.723719050447928294e-188
-3.830383004691102083e-187
-3.697097521461657536e-186
-3.350413348334529063e-185
-2.852758374324522520e-184
-2.284152784083166774e-183
-1.721506036350436288e-182
-1.222710159232635158e-181
-8.195455325536638352e-181
-5.192467518866623086e-180
-3.115854480770966984e-179
-1.774979179215106471e-178
-9.625306030500376945e-178
-4.984680500771536864e-177
-2.474434132012288044e-176
-1.182395343227985626e-175
-5.464200199278022963e-175
-2.454380060870165752e-174
-1.077072173928713707e-173
-4.641136446359571605e-173
-1.972881626079699984e-172
-8.306553768964614322e-172
-3.475257791411517608e-171
-1.448249344290374650e-170
-6.021529982760986830e-170
-2.500528997030089119e-169
-1.037729520327068757e-168
-4.305338735033528674e-168
-1.785966473380188072e-167
-7.408248755690357314e-167
-3.072901069313635070e-166
-1.274612644046404560e-165
-5.286968247189963598e-165
-2.192980668476286549e-164
-9.096258380257231901e-164
-3.773034173666457390e-163
-1.565015632932985336e-162
-6.491523279392356729e-162
-2.692616836452082749e-161
-1.116869664227113493e-160
-4.632660057237475771e-160
-1.921579562318685842e-159
-7.970513632955859767e-159
-3.306086764184017806e-158
-1.371330656423148761e-157
-5.688137981188261490e-157
-2.359380907988149192e-156
-9.786468414424954143e-156
-4.059326058894188139e-155
-1.683766539125509828e-154
-6.984089765509019665e-154
-2.896928328200487028e-153
-1.201615961492272345e-152
-4.984178948638015715e-152
-2.067385969240566868e-151
-8.575303555223863819e-151
-3.556947379847398841e-150
-1.475385049815067599e-149
-6.119744861986674454e-149
-2.538406986061477770e-148
-1.052905010290566746e-147
-4.367341276565999925e-147
-1.811528071343628752e-146
-7.514031410538837570e-146
-3.116742651229618263e-145
-1.292792673233879177e-144
-5.362370535494265637e-144
-2.224255934867522092e-143
-9.225983976762595412e-143
-3.826842900817066055e-142
-1.587334925404111712e-141
-6.584101387777668657e-141
-2.731017278757314605e-140
-1.132797771115195702e-139
-4.698728200018781939e-139
-1.948983945820865390e-138
-8.084184186376826746e-138
-3.353236136162199982e-137
-1.390887729130702822e-136
-5.769258699628866418e-136
-2.393028944474609280e-135
-9.926036995813099626e-135
-4.117217665492199924e-134
-1.707779379846294388e-133
-7.083692549637235063e-133
-2.938242534717941863e-132
-1.218752667811342671e-131
-5.055260237187504712e-131
-2.096869753859275981e-130
-8.697599249798577213e-130
-3.607674371327384752e-129
-1.496426082155240397e-128
-6.207020891773477661e-128
-2.574608182144446751e-127
-1.067920892670171175e-126
-4.429625606376910873e-126
-1.837362968300891004e-125
-7.621191895819575845e-125
-3.161191714156408751e-124
-1.311229685626028897e-123
-5.438845359386089788e-123
-2.255976902261219219e-122
-9.357559274512258710e-122
-3.881418975887695763e-121
-1.609972517878210944e-120
-6.677999784164760942e-120
-2.769965364134129914e-119
-1.148953034813908410e-118
-4.765738565907091490e-118
-1.976779153749551028e-117
-8.199475839176720335e-117
-3.401057923426520505e-116
-1.410723712756708458e-115
-5.851536311763343226e-115
-2.427156848521055168e-114
-1.006759601829659152e-113
-4.175934886506456334e-113
-1.732134676902959185e-112
-7.184715807290121464e-112
-2.980145938987886129e-111
-1.236133767275030017e-110
-5.127355243268737094e-110
-2.126774018044128611e-109
-8.821639050201651534e-109
-3.659124799898136996e-108
-1.517767188731613124e-107
-6.295541598511183658e-107
-2.611325657376112816e-106
-1.083150922310386834e-105
-4.492798196915435480e-105
-1.863566306637212001e-104
-7.729880637901320476e-104
-3.206274682225927382e-103
-1.329929635326694788e-102
-5.516410820086944650e-102
-2.288150254543131570e-101
-9.491011018072217793e-101
-3.936773381307254813e-100
-1.632932953745247360e-99
-6.773237301614101667e-99
-2.809468903101941366e-98
-1.165338694927438803e-97
-4.833704592337007002e-97
-2.004970759804273028e-96
-8.316411710477682484e-96
-3.449561715549508673e-95
-1.430842584956798258e-94
-5.934987316496584437e-94
-2.461771463702895059e-93
-1.021117386831972305e-92
-4.235489496340976921e-92
-1.756837314196737230e-91
-7.287179796385757086e-91
-3.022646943785605631e-90
-1.253762745267771450e-89
-5.200478423896520237e-89
-2.157104758415606068e-88
-8.947447829795751833e-88
-3.711308982773672535e-87
-1.539412649018034730e-86
-6.385324733015476804e-86
-2.648566774611545120e-85
-1.098598153247473583e-84
-4.556871716008641316e-84
-1.890143340836467921e-83
-7.840119431840662176e-83
-3.252000595802622048e-82
-1.348896272185709602e-81
-5.595082471586782895e-81
-2.320782443347709949e-80
-9.626365968156080743e-80
-3.992917217143466209e-79
-1.656220837198719388e-78
-6.869833037844993273e-78
-2.849535817197547840e-77
-1.181958037227468611e-76
-4.902639908350238638e-76
-2.033564417170818291e-75
-8.435015249110691583e-75
-3.498757238864167014e-74
-1.451248380113483400e-73
-6.019628448030702252e-73
-2.496879731194392733e-72
-1.035679933715667163e-71
-4.295893437319028169e-71
-1.781892245280018165e-70
-7.391105063748040508e-70
-3.065754071721506303e-69
-1.271643136880376204e-68
-5.274644442262555265e-68
-2.187868057114238908e-67
-9.075050816671833056e-67
-3.764237384305660759e-66
-1.561366803519542162e-65
-6.476388299253116614e-65
-2.686339001710286435e-64
-1.114265683072468912e-63
-4.621859012144357318e-63
-1.917099400318757217e-62
-7.951930383521932445e-62
-3.298378624179081300e-61
-1.368133399530972196e-60
-5.674876089697059675e-60
-2.353880012318663357e-59
-9.763651267122366571e-59
-4.049861741766417585e-58
-1.679840838094299946e-57
-6.967806362936609388e-57
-2.890174140929794555e-56
-1.198814394345305928e-55
-4.972558337357262310e-55
-2.062565859657006891e-54
-8.555310238317168305e-54
-3.548654358411935409e-53
-1.471945190142481727e-52
-6.105476679193013488e-52
-2.532488691132321609e-51
-1.050450162640171739e-50
-4.357158821798360232e-50
-1.807304494078311068e-49
-7.496512446635305737e-49
-3.109475964515387563e-48
-1.289778525368468211e-47
-5.349868150211494082e-47
-2.219070064711719329e-46
-9.204473437554586509e-46
-3.817920478521929700e-45
-1.583633935732676082e-44
-6.568749561131692356e-44
-2.724649090869209579e-43
-1.130155986365669190e-42
-4.687767790004766327e-42
-1.944435705667127875e-41
-8.065303567382519961e-41
-3.345393466925164229e-40
-1.387626466150111734e-39
-5.755672131484656477e-39
-2.387351398060159982e-38
-9.902194388307476187e-38
-4.107127300691750549e-37
-1.703458721959077665e-36
-7.064874470736830416e-36
-2.929853011142072318e-35
-1.214898800250227374e-34
-5.036920516066226310e-34
-2.087805796335401552e-33
-8.651141816101675654e-33
-3.583106794053903551e-32
-1.483122926700121634e-31
-6.133864662101115966e-31
-2.534061494449307716e-30
-1.045412355033702740e-29
-4.305075882599274816e-29
-1.768905310837479706e-28
-7.248358641555564271e-28
-2.960334842188134570e-27
-1.204312360521910089e-26
-4.876914731681015218e-26
-1.964503789840096885e-25
-7.865820464886192155e-25
-3.128187160852516444e-24
-1.234723893524865684e-23
-4.833338561693189860e-23
-1.874999842123134075e-22
-7.203042457577426468e-22
-2.738328701956556999e-21
-1.029475572405980272e-20
-3.824955723212395583e-20
-1.403619510156774728e-19
-5.084305033013798688e-19
-1.816909638071393284e-18
-6.402184021346524310e-18
-2.223321276899586536e-17
-7.605950015886368219e-17
-2.562068109803075945e-16
-8.494396473232041603e-16
-2.770809407681018592e-15
-8.888912145745410369e-15
-2.803502659056409287e-14
-8.689851872700308041e-14
-2.646285309792686571e-13
-7.914656477417795321e-13
-2.324129853935721343e-12
-6.698634300251857273e-12
-1.894420960003049732e-11
-5.255321705029343870e-11
-1.429630523914948330e-10
-3.812583279793373914e-10
-9.964485483569963370e-10
-2.551517351076201969e-09
-6.399071080262326851e-09
-1.571356712864323001e-08
-3.776889356624608587e-08
-8.882894993810411109e-08
-2.043577900856526484e-07
-4.597225483405764051e-07
-1.010916451056849032e-06
-2.172157469092552240e-06
-4.558898348993529865e-06
-9.342233095100780385e-06
-1.868470873122025274e-05
-3.645707699220053152e-05
-6.936557375999017282e-05
-1.286383592800822582e-04
-2.324071008379526113e-04
-4.088445584402691834e-04
-6.999439386822838829e-04
-1.165517334153751356e-03
-1.886540283893100136e-03
-2.966423495974421405e-03
-4.528282820881234308e-03
-6.706037864565444172e-03
-9.627509510903416168e-03
-1.338891096767010416e-02
-1.802237837480495306e-02
-2.346125560157414150e-02
-2.951102242381854063e-02
-3.583583494323857449e-02
-4.197022129440653587e-02
-4.736149182284210557e-02
-5.144089614781321290e-02
-5.371209751174067792e-02
-5.383727160013378199e-02
-5.169781302585806787e-02
-4.741095702470449202e-02
-4.129557065633949337e-02
-3.379638466409368158e-02
-2.538985759523073801e-02
-1.650051384087100961e-02
-7.450999069826508975e-03
1.545529495045557412e-03
1.035896246940933019e-02
1.890129360943134176e-02
2.709157491759906985e-02
3.483864360247267145e-02
4.204151278170678574e-02
4.859888596253719717e-02
5.441811063300708989e-02
5.941867710393335111e-02
6.353139377472018234e-02
6.669732958372452669e-02
6.886943729931752078e-02
7.001658744879686591e-02
7.012752402423047537e-02
6.921239246464674921e-02
6.730121900023487702e-02
6.444036403461460283e-02
6.068851772197084854e-02
5.611339587323593836e-02
5.078960946442809266e-02
4.479767237277348241e-02
3.822382863488467397e-02
3.116025853313523358e-02
2.370527392474982425e-02
1.596331317969272925e-02
8.044717048403508472e-03
6.521712711721747765e-05
-7.855163340450102213e-03
-1.559422972410061219e-02
-2.303097238084900189e-02
-3.004984319942825485e-02
-3.654510835816524028e-02
-4.242424968771509736e-02
-4.760967652693515878e-02
-5.203863314260616380e-02
-5.566184224078216114e-02
-5.844181086736498915e-02
-6.035167700102021110e-02
-6.137504142870094798e-02
-6.150664830187911603e-02
-6.075335391017173958e-02
-5.913475758626089013e-02
-5.668314281401595073e-02
-5.344277459525390017e-02
-4.946886029045206856e-02
-4.482647754691347630e-02
-3.958957839611287194e-02
-3.383998142815037441e-02
-2.766620648805446017e-02
-2.116209002744978349e-02
-1.442524040064890878e-02
-7.555451428903100890e-03
-6.531688081904035758e-04
6.181955842760151858e-03
1.285243154205992396e-02
1.926423345923159933e-02
2.532805729907377720e-02
3.096052125720432854e-02
3.608530315623587059e-02
4.063418840715059960e-02
4.454799720120748707e-02
4.777736410141356083e-02
5.028335743176513828e-02
5.203793739534395141e-02
5.302425201948409578e-02
5.323676318224698778e-02
5.268119297544928553e-02
5.137428967656907514e-02
4.934342734040724626e-02
4.662606290890474597e-02
4.326907370609290454e-02
3.932798866332406357e-02
3.486611631228000996e-02
2.995356858796382679e-02
2.466618417090073179e-02
1.908436543926014112e-02
1.329185306540555181e-02
7.374466660555879620e-03
1.418837250452375468e-03
-4.488849345009440772e-03
-1.026408499932566359e-02
-1.582523586025203974e-02
-2.109468856916035112e-02
-2.599992827875352575e-02
-3.047453004511877298e-02
-3.445904809360553905e-02
-3.790179173780122701e-02
-4.075947984963976256e-02
-4.299776711784757816e-02
-4.459163608536895196e-02
-4.552565037288780481e-02
-4.579406667471164899e-02
-4.540080540052872371e-02
-4.435928185819465464e-02
-4.269210183907973244e-02
-4.043062761384987047e-02
-3.761442245591346129e-02
-3.429058345584912876e-02
-3.051297349791453131e-02
-2.634136422370798175e-02
-2.184050299291980315e-02
-1.707911822294655435e-02
-1.212887865536201905e-02
-7.063322722289380566e-03
-1.956774235317988286e-03
3.116739724922119176e-03
8.084553377231337712e-03
1.287639452017944747e-02
1.742537036591973454e-02
2.166889336247971448e-02
2.554953414783631832e-02
2.901578976608272173e-02
3.202275665413548827e-02
3.453269964158782457e-02
3.651551010921245954e-02
3.794904829411482883e-02
3.881936639557299201e-02
3.912081069240882364e-02
3.885600249286749741e-02
3.803569949287009117e-02
3.667854095327512109e-02
3.481068186714531693e-02
3.246532286149445001e-02
2.968214395638697767e-02
2.650665154040086208e-02
2.298944904844870546e-02
1.918544282490736164e-02
1.515299547527864527e-02
1.095303962548583102e-02
6.648165422452190568e-03
2.301695332537284470e-03
-2.023240179042741504e-03
-6.264612685957372633e-03
-1.036237853925719640e-02
-1.425932185744900257e-02
-1.790184604573071686e-02
-2.124070300111842793e-02
-2.423165019234276366e-02
-2.683602697906396078e-02
-2.902124282837139843e-02
-3.076117146562333191e-02
-3.203644643508867657e-02
-3.283465502554606258e-02
-3.315042902213341525e-02
-3.298543226133584388e-02
-3.234824647003788078e-02
-3.125415833729589671e-02
-2.972485217291361351e-02
-2.778801382607375484e-02
-2.547685275132887880e-02
-2.282955020490668938e-02
-1.988864252199163893e-02
-1.670034925610040452e-02
-1.331385664346810410e-02
-9.780567376020612644e-03
-6.153328016415739871e-03
-2.485645564883068575e-03
1.169095306556609511e-03
4.758402996138783557e-03
8.231426654253991282e-03
1.153967024546828299e-02
1.463766305721920548e-02
1.748357748602036299e-02
2.003978581965689537e-02
2.227334872972703411e-02
2.415642927794667619e-02
2.566662740561397038e-02
2.678723110021919915e-02
2.750738169686931314e-02
2.782215205565822733e-02
2.773253764107971170e-02
2.724536179789378149e-02
2.637309775110780949e-02
2.513361103772749142e-02
2.354982718772690581e-02
2.164933049615445221e-02
1.946390065388480320e-02
1.702899481913495994e-02
1.438318340494891892e-02
1.156754842086181283e-02
8.625053633385004748e-03
5.599896095384748751e-03
2.536848736430267429e-03
-5.193962955016618623e-04
-3.524873994011393577e-03
-6.436973290116530105e-03
-9.215035430744268272e-03
-1.182091562293021911e-02
-1.421950027722469062e-02
-1.637917293755889250e-02
-1.827222282952330190e-02
-1.987519088101467185e-02
-2.116914905374972511e-02
-2.213990985588649638e-02
-2.277816396922845155e-02
-2.307954500326322295e-02
-2.304462146659087135e-02
-2.267881710832894693e-02
-2.199226181237051367e-02
-2.099957621129151450e-02
-1.971959411040972651e-02
-1.817502766335864217e-02
-1.639208100699482765e-02
-1.440001873546479551e-02
-1.223069616221633855e-02
-9.918058777780854041e-03
-7.497618655061521684e-03
-5.005915779240682068e-03
-2.479972384532817473e-03
4.325163491275999081e-05
2.527394305757054739e-03
4.937210461257940733e-03
7.239066602308344422e-03
9.401404863199310999e-03
1.139516976504423990e-02
1.319419207799199002e-02
1.477552482565880863e-02
1.611972724006777505e-02
1.721109330047647726e-02
1.803782235192123024e-02
1.859213018586296576e-02
1.887029986254911210e-02
1.887267244928370058e-02
1.860357872750386526e-02
1.807121377175249441e-02
1.728745711310154809e-02
1.626764195705330748e-02
1.503027762093558581e-02
1.359672997905853921e-02
1.199086524722387317e-02
1.023866289475315779e-02
8.367803836608683418e-03
6.407240326330053935e-03
4.386754139969837457e-03
2.336509710898021074e-03
2.866088457509904453e-04
-1.733346475120099922e-03
-3.694676930287225762e-03
-5.570028350794552566e-03
-7.333748296013338150e-03
-8.962231603053476270e-03
-1.043423033893772951e-02
-1.173112418183620310e-02
-1.283714790410305992e-02
-1.373957331532369916e-02
-1.442884373729326833e-02
-1.489865981378877061e-02
-1.514601619506451141e-02
-1.517118936913298965e-02
-1.497767762833488760e-02
-1.457209485003291977e-02
-1.396402042464363162e-02
-1.316580827350855194e-02
-1.219235845493106020e-02
-1.106085535166957852e-02
-9.790476860877566495e-03
-8.402079362619612954e-03
-6.917863521549872524e-03
-5.361026175193017718e-03
-3.755403679832187980e-03
-2.125112120845857374e-03
-4.941897492207257374e-04
1.113753118095615197e-03
2.675871696245472105e-03
4.170407062663804808e-03
5.576984791076001688e-03
6.876887859086394834e-03
8.053300250610569838e-03
9.091518171554943684e-03
9.979126331796438903e-03
1.070613731002776139e-02
1.126509260153344717e-02
1.165112454332647464e-02
1.186197890726992284e-02
1.189799854082985130e-02
1.176206900826201607e-02
1.145952773398806364e-02
1.099803866684364792e-02
1.038743496155270646e-02
9.639532605701755380e-03
8.767918300934251022e-03
7.787715231224594768e-03
6.715330615024940955e-03
5.568189138820832731e-03
4.364456505340666946e-03
3.122757399311233261e-03
1.861892177443808319e-03
6.005565282620443793e-04
-6.429317764033732480e-04
-1.850895100051870839e-03
-3.006543431628495942e-03
-4.094203739393302045e-03
-5.099528117775510572e-03
-6.009678033543961947e-03
-6.813482388392663562e-03
-7.501567552711393798e-03
-8.066457982699596144e-03
-8.502646502847991533e-03
-8.806633810747111282e-03
-8.976937233907958044e-03
-9.014069231634591270e-03
-8.920486582084802274e-03
-8.700511618997989333e-03
-8.360227278071894960e-03
-7.907348074185817019e-03
-7.351069452646511425e-03
-6.701898236233312829e-03
-5.971467121564654444e-03
-5.172336360513029620e-03
-4.317785893219196723e-03
-3.421601277620110737e-03
-2.497856786128053834e-03
-1.560699013738966372e-03
-6.241342648163889081e-04
2.981771397757293496e-04
1.193116664765810032e-03
2.048290714814926354e-03
2.852198635629725736e-03
3.594383341374781347e-03
4.265562661326072549e-03
4.857739835165682946e-03
5.364291940162396917e-03
5.780035398886028582e-03
6.101268087197350004e-03
6.325787933136684492e-03
6.452888262269453057e-03
6.483330498468884914e-03
6.419295165728415575e-03
6.264312451512056221e-03
6.023173880848865791e-03
5.701826908888913033e-03
5.307254464504466973e-03
4.847341665878788543e-03
4.330732078672044037e-03
3.766675996676795927e-03
3.164873292998605751e-03
2.535313416430690688e-03
1.888115093289526166e-03
1.233368240559326460e-03
5.809805034360553599e-04
-5.946929848495805269e-05
-6.788686943202380288e-04
-1.268698124510372676e-03
-1.821144831808662549e-03
-2.329202610601264697e-03
-2.786756203691470417e-03
-3.188649408453411715e-03
-3.530736236004788225e-03
-3.809914753045106055e-03
-4.024143521614592656e-03
-4.172440832640920104e-03
-4.254867200366932098e-03
-4.272491842409647904e-03
-4.227344110398244433e-03
-4.122351055369641824e-03
-3.961262507233740369e-03
-3.748565215988874932e-03
-3.489387741777511855e-03
-3.189397889668780118e-03
-2.854694562059152327e-03
-2.491695946222210762e-03
-2.107025966711839268e-03
-1.707400912531010584e-03
-1.299518098155539193e-03
-8.899483371644544482e-04
-4.850338992542900128e-04
-9.079348819360589845e-05
2.871643775137584439e-04
6.437183747757352316e-04
9.743007618901864579e-04
1.274952329548194926e-03
1.542365319281166578e-03
1.773913930250055164e-03
1.967672255287878248e-03
2.122419704905469020e-03
2.237634189933583248e-03
2.313473536149093790e-03
2.350745794382737112e-03
2.350869284227243526e-03
2.315823365928489606e-03
2.248091071010114260e-03
2.150594835731291492e-03
2.026626671115013510e-03
1.879774167881287719e-03
1.713843773579639199e-03
1.532782792312374458e-03
1.340601544929361909e-03
1.141297090139460450e-03
9.387798457155768252e-04
7.368043653501651349e-04
5.389054225955871094e-04
3.483404308717625198e-04
1.680390901694357557e-04
5.609995491157379063e-07
-1.519381873389849904e-04
-2.877316556597905124e-04
-4.055371370648483257e-04
-5.045233714587786609e-04
-5.843074351641051097e-04
-6.449432152457045420e-04
-6.869014692711077194e-04
-7.110420586723419957e-04
-7.185790796094700637e-04
-7.110397355968308504e-04
-6.902178991983199926e-04
-6.581233941964763920e-04
-6.169280935606004422e-04
-5.689099713518946813e-04
-5.163962679252149125e-04
-4.617069272680933509e-04
-4.070994433338414936e-04
-3.547162093895485976e-04
-3.065354017274129778e-04
-2.643263478908069314e-04
-2.296102315167498280e-04
-2.036268729226475957e-04
-1.873081988243620202e-04
-1.812588785019318769e-04
-1.857444598364541542e-04
-2.006871896313437882e-04
-2.256695512224889425e-04
-2.599454013856607984e-04
-3.024584406448523901e-04
-3.518676090212864292e-04
-4.065788655211592423e-04
-4.647826866847841313e-04
-5.244965094720045696e-04
-5.836112485918970062e-04
-6.399409397795215388e-04
-6.912744998549487417e-04
-7.354285527051092125e-04
-7.703002483501436397e-04
-7.939190003171254758e-04
-8.044960846825158045e-04
-8.004710819801054032e-04
-7.805542000269485988e-04
-7.437635905484630367e-04
-6.894568639311454477e-04
-6.173561128758486448e-04
-5.275658752212541080e-04
-4.205835966644584905e-04
-2.973022931565338727e-04
-1.590052579331899295e-04
-7.352806871863507923e-06
1.556387945374115747e-04
3.276259314881964802e-04
5.059733329296633867e-04
6.877962865216587880e-04
8.700086776733698081e-04
1.049376039671320350e-03
1.222572700582021761e-03
1.386242026982735477e-03
1.537058696230954617e-03
1.671791879243294220e-03
1.787368185563342586e-03
1.880933212524378085e-03
1.949910550834754340e-03
1.992057129882133463e-03
2.005513837048016404e-03
1.988850415603167238e-03
1.941103734206072254e-03
1.861808626263018393e-03
1.751020617703592970e-03
1.609329995142377411e-03
1.437866810684252034e-03
1.238296572454864602e-03
1.012806528659394899e-03
7.640826150040904265e-04
4.952772978339287655e-04
2.099687056466665257e-04
-8.788840307789320256e-05
-3.940191401458814006e-04
-7.038916230589191284e-04
-1.012785787854575403e-03
-1.315866811805131318e-03
-1.608261985357557419e-03
-1.885139798224983810e-03
-2.141789950016433422e-03
-2.373702962331166247e-03
-2.576648057569593583e-03
-2.746747980233666276e-03
-2.880549469203155539e-03
-2.975088144064249977e-03
-3.027946644293377006e-03
-3.037304955918337327e-03
-3.001981974787940825e-03
-2.921467487035582077e-03
-2.795943893754611938e-03
-2.626297165986497210e-03
-2.414116685417076833e-03
-2.161683802951443363e-03
-1.871949128812249201e-03
-1.548498751026312903e-03
-1.195509761187502984e-03
-8.176956442199783716e-04
-4.202422595918536342e-04
-8.735302227839810893e-06
4.109197204809366170e-04
8.325838261419647550e-04
1.249975924285158567e-03
1.656767831561519258e-03
2.046681479035836887e-03
2.413586802944265881e-03
2.751598781423548329e-03
3.055172075124149619e-03
3.319191749560273640e-03
3.539058601439272391e-03
3.710767679542941247e-03
3.830978682120907575e-03
3.897077025958914365e-03
3.907224515674379874e-03
3.860398693426388052e-03
3.756420116873315611e-03
3.595966994324324619e-03
3.380576797884241903e-03
3.112634675030985509e-03
2.795348683407149464e-03
2.432712079487070207e-03
2.029453095945925756e-03
1.590972841813176851e-03
1.123272150651260810e-03
6.328683820091409807e-04
1.267033473517613774e-04
-3.879563191565229435e-04
-9.036248946777809777e-04
-1.412707847664727281e-03
-1.907615019610741508e-03
-2.380875003940399401e-03
-2.825248982795805063e-03
-3.233842274527205015e-03
-3.600211863701798312e-03
-3.918468231329960000e-03
-4.183369875241965859e-03
-4.390409008219214003e-03
-4.535887043262285846e-03
-4.616978619545975167e-03
-4.631783087112265745e-03
-4.579362550792440319e-03
-4.459765771526524175e-03
-4.274037433239966967e-03
-4.024212502586532389e-03
-3.713295633860783009e-03
-3.345225798813388548e-03
-2.924826547477773347e-03
-2.457742527966912116e-03
-1.950363107082744027e-03
-1.409734136168508270e-03
-8.434590947483531142e-04
-2.595910151706727577e-04
3.334832580341813481e-04
9.271647924680655227e-04
1.512768491034686925e-03
2.081651352369639444e-03
2.625341157924281077e-03
3.135663654753102336e-03
3.604866311897600168e-03
4.025736766282208071e-03
4.391714140894805059e-03
4.696991512810910242e-03
4.936607930117391935e-03
5.106528523257376599e-03
5.203711425715172069e-03
5.226160408824820011e-03
5.172962343067689407e-03
5.044308820466274733e-03
4.841501506318387181e-03
4.566941030045020868e-03
4.224099470768543328e-03
3.817476739671866494e-03
3.352541404510264375e-03
2.835656738161021224e-03
2.273992999184328446e-03
1.675427164582388466e-03
1.048431529995862577e-03
4.019527674468920228e-04
-2.547168173182543004e-04
-9.120739592040029084e-04
-1.560543071916529979e-03
-2.190616811668586773e-03
-2.792996488113643101e-03
-3.358730235027208508e-03
-3.879346875298293577e-03
-4.346983467882585550e-03
-4.754504607824606294e-03
-5.095611663203018435e-03
-5.364940273272915915e-03
-5.558144598275438844e-03
-5.671967000885385496e-03
-5.704292049430080384e-03
-5.654183960695531065e-03
-5.521906842079073174e-03
-5.308927345424661708e-03
-5.017899604413771780e-03
-4.652632589976955606e-03
-4.218040279968388907e-03
-3.720075296353209104e-03
-3.165646911572030792e-03
-2.562524561790075015e-03
-1.919228224865664537e-03
-1.244907221712459981e-03
-5.492091782246490616e-04
1.578589616693572436e-04
8.660758553489518279e-04
1.565154500305478060e-03
2.244892614042286270e-03
2.895322443351110685e-03
3.506857790621456267e-03
4.070436077044935728e-03
4.577653327264443080e-03
5.020890056330013645e-03
5.393426166450775681e-03
5.689543116177487800e-03
5.904611806121788826e-03
6.035164830497294179e-03
6.078951969685604355e-03
6.034978042403453882e-03
5.903522493311759087e-03
5.686140359301766409e-03
5.385644531248142894e-03
5.006069503750945615e-03
4.552617079148300015e-03
4.031584759853185963e-03
3.450277820839372459e-03
2.816906298024314092e-03
2.140468354723792845e-03
1.430621693864648223e-03
6.975448651462888387e-04
-4.820952892182061314e-05
-7.958675985825102881e-04
-1.534590679941613602e-03
-2.253633309607438757e-03
-2.942500346438597664e-03
-3.591100931640915303e-03
-4.189897018210187417e-03
-4.730044274031190189e-03
-5.203523268860029555e-03
-5.603258992409762725e-03
-5.923226916921628220e-03
-6.158544010519507311e-03
-6.305543324550821373e-03
-6.361831015856303333e-03
-6.326324920028093997e-03
-6.199274060476238010e-03
-5.982258756606763199e-03
-5.678171278517850362e-03
-5.291177281169119444e-03
-4.826658533777522346e-03
-4.291137736035996464e-03
-3.692186477586607493e-03
-3.038317647062315635e-03
-2.338863828224410982e-03
-1.603843429839843819e-03
-8.438164798099147268e-04
-6.973216994949986945e-05
7.072296366537977972e-04
1.475820630479791938e-03
2.224887647800156010e-03
2.943535240498596460e-03
3.621284843779137060e-03
4.248228207118199921e-03
4.815172833236924278e-03
5.313777282562740997e-03
5.736674345000719599e-03
6.077580254773517349e-03
6.331388325116512998e-03
6.494245604807134115e-03
6.563611404599416048e-03
6.538296805041679885e-03
6.418484534028877017e-03
6.205728888735467796e-03
5.902935668093916774e-03
5.514322374462116150e-03
5.045359232246936221e-03
4.502691852791726630e-03
3.894046644630072811e-03
3.228120322285289289e-03
2.514455101410338102e-03
1.763301379732064907e-03
9.854698888661648018e-04
1.921754588381371855e-04
-6.051253372536199732e-04
-1.394900298435199863e-03
-2.165709052806333128e-03
-2.906369415350509855e-03
-3.606120218648117392e-03
-4.254778237016118396e-03
-4.842886907976709683e-03
-5.361854672023790014e-03
-5.804080900750371516e-03
-6.163067562350891919e-03
-6.433514979742832422e-03
-6.611400267041162536e-03
-6.694037281556509782e-03
-6.680117197140554054e-03
-6.569729086730348444e-03
-6.364360193151042365e-03
-6.066875863427713227e-03
-5.681479418654673992e-03
-5.213652524553103254e-03
-4.670076912913346916e-03
-4.058538576992407401e-03
-3.387815820599760202e-03
-2.667552777317484369e-03
-1.908120229557682670e-03
-1.120465743838744248e-03
-3.159552960158874000e-04
4.937913140992785310e-04
1.297068867095922153e-03
2.082256498347238687e-03
2.837986371865709907e-03
3.553308797564597946e-03
4.217851386190341750e-03
4.821969921697076035e-03
5.356888750243011567e-03
5.814828636592617346e-03
6.189120220290990522e-03
6.474301412906370568e-03
6.666197310854079898e-03
6.761981452445671448e-03
6.760217519106400015e-03
6.660880865260298406e-03
6.465359554991748255e-03
6.176434882013407367e-03
5.798241648307908211e-03
5.336208771728291785e-03
4.796981079507295354e-03
4.188323418870847602e-03
3.519008473756060108e-03
2.798689914235879747e-03
2.037762719178223304e-03
1.247212699798685509e-03
4.384574093512301116e-04
-3.768192500372481474e-04
-1.186836320311380642e-03
-1.979886520067665728e-03
-2.744505935419899040e-03
-3.469640202760970304e-03
-4.144804767921516503e-03
-4.760236892326747370e-03
-5.307037196787978833e-03
-5.777298685787984715e-03
-6.164221377302579914e-03
-6.462210872690669211e-03
-6.666959434907064434e-03
-6.775508397857425355e-03
-6.786291001376846405e-03
-6.699155031142842685e-03
-6.515364936634972758e-03
-6.237583398781366972e-03
-5.869832617796640409e-03
-5.417435886587413686e-03
-4.886940301664604094e-03
-4.286021737593618229e-03
-3.623373468633705238e-03
-2.908580058621997901e-03
-2.151978353895167648e-03
-1.364507600999952976e-03
-5.575508684109926113e-04
2.572299228235044475e-04
1.068062962490010917e-03
1.863237054456596143e-03
2.631271184098268878e-03
3.361080688810740447e-03
4.042137620898536912e-03
4.664622977535864967e-03
5.219568591678939301e-03
5.698986628985405062e-03
6.095984816708298684e-03
6.404865738459254720e-03
6.621208760513725734e-03
6.741933407311749733e-03
6.765343271935993739e-03
6.691149826932469083e-03
6.520475786623900101e-03
6.255837957764667258e-03
5.901109793513365995e-03
5.461464126803055111e-03
4.943296791169452670e-03
4.354132024036689447e-03
3.702510668437277320e-03
2.997862216932580849e-03
2.250361641820992388e-03
1.470771687629708873e-03
6.702708207991478788e-04
-1.397337035336165757e-04
-9.478092097762099441e-04
-1.742720228001614019e-03
-2.513674635294530987e-03
-3.250598948816226050e-03
-3.944449331382441498e-03
-4.587564704344074089e-03
-5.174066199084506427e-03
-5.700301853205522358e-03
-6.165325655086095757e-03
-6.571384539753998000e-03
-6.924365037785720767e-03
-7.234123411992187183e-03
-7.514591620855178185e-03
-7.783521339099130562e-03
-8.061707775455681860e-03
-8.371535527406928287e-03
-8.734723594188297316e-03
-9.169228786895983890e-03
-9.685404299116672291e-03
-1.028170120697764409e-02
-1.094042746806422363e-02
-1.162430403710413944e-02
-1.227472349827420442e-02
-1.281265204636134608e-02
-1.314295060545435379e-02
-1.316247835323558664e-02
-1.277168415456484372e-02
-1.188856257861487312e-02
-1.046300664256634427e-02
-8.488951333937818158e-03
-6.011515107045387572e-03
-3.126807260714217686e-03
2.675796123414287504e-05
3.285050276690408295e-03
6.480156938757355642e-03
9.463443859234374825e-03
1.212474292972856582e-02
1.440316788967357237e-02
1.628692608808512965e-02
1.780234309693442749e-02
1.899536193527763886e-02
1.991102737042992413e-02
2.057706646565959918e-02
2.099627378879424452e-02
2.114936472534954467e-02
2.100630656556236320e-02
2.054123703877245091e-02
1.974508550961225420e-02
1.863134534634201464e-02
1.723355236309384239e-02
1.559655532344487137e-02
1.376605795299983871e-02
1.178112352915548777e-02
9.672362013909936024e-03
7.465432770514739830e-03
5.186896890695066181e-03
2.868644799007429285e-03
5.484099358456099096e-04
-1.733595906902802089e-03
-3.939636105074314533e-03
-6.038000066874566613e-03
-8.003310882550710922e-03
-9.813922104693867388e-03
-1.144851803628304382e-02
-1.288433694016116217e-02
-1.409818463829395907e-02
-1.506952705923732608e-02
-1.578371730547367680e-02
-1.623356876438536087e-02
-1.641877384350606123e-02
-1.634408245261928863e-02
-1.601770787180730946e-02
-1.545085541467720175e-02
-1.465815540085328716e-02
-1.365804311440491428e-02
-1.247228598917472613e-02
-1.112467449053988582e-02
-9.639632970249173080e-03
-8.041572219653306264e-03
-6.355203317577386504e-03
-4.606306736019832870e-03
-2.822182380997823037e-03
-1.031336873171815119e-03
7.374578873501130491e-04
2.456255977377229133e-03
4.098778837705505627e-03
5.640914827069955402e-03
7.060998110779251845e-03
8.339976639258407307e-03
9.461475711743836184e-03
1.041175645955301314e-02
1.117967269790478939e-02
1.175678681241044445e-02
1.213769106081289371e-02
1.232037034446083548e-02
1.230634490867537310e-02
1.210046237090121705e-02
1.171045738772792145e-02
1.114653500690362779e-02
1.042114433569668597e-02
9.548897607594411183e-03
8.546460619280183205e-03
7.432290271260566343e-03
6.226238570833789350e-03
4.949130456430689620e-03
3.622397948160097601e-03
2.267778684498087359e-03
9.070456464370642378e-04
-4.382610812798598066e-04
-1.747120615119636443e-03
-2.999358841175988385e-03
-4.176028344349755339e-03
-5.259806892127792330e-03
-6.235338166604599032e-03
-7.089450511836681290e-03
-7.811255461497473504e-03
-8.392186087452117860e-03
-8.826032344702378768e-03
-9.108981762714341707e-03
-9.239639372086971489e-03
-9.219011635375340061e-03
-9.050466025040577317e-03
-8.739677073734191878e-03
-8.294541100599236300e-03
-7.725025397545849486e-03
-7.042939599005005984e-03
-6.261657236650275231e-03
-5.395833898061188835e-03
-4.461150364075510723e-03
-3.474076006190546760e-03
-2.451628539157572288e-03
-1.411110239879076380e-03
-3.698179178370722279e-04
6.552594245301644358e-04
1.647733237819963559e-03
2.592079306199352937e-03
3.473865014503170826e-03
4.279944204873250245e-03
4.998629228314279034e-03
5.619847054810368780e-03
6.135279518039398264e-03
6.538481177131914672e-03
6.824964160357371683e-03
6.992240275704551464e-03
7.039818492342126907e-03
6.969166590361230117e-03
6.783649849255413491e-03
6.488452186880604329e-03
6.090473494887016677e-03
5.598193650328738349e-03
5.021502243771751653e-03
4.371504041643787392e-03
3.660312831175834090e-03
2.900840036828028490e-03
2.106577409271914638e-03
1.291371688459110609e-03
4.691928106834554273e-04
-3.460987466169502635e-04
-1.140978891235731440e-03
-1.902476458292257609e-03
-2.618377146231279980e-03
-3.277413193383151360e-03
-3.869435717132940333e-03
-4.385565442191389531e-03
-4.818318592345806339e-03
-5.161707320584859628e-03
-5.411315631194881827e-03
-5.564350978855670156e-03
-5.619669931558031115e-03
-5.577775676443528889e-03
-5.440786556172863379e-03
-5.212377214884104243e-03
-4.897695528416334647e-03
-4.503258248183914826e-03
-4.036826855283524862e-03
-3.507264358151060846e-03
-2.924374743543486314e-03
-2.298728466633601867e-03
-1.641477929197498369e-03
-9.641661472317600116e-04
-2.785312183504061088e-04
4.036903684477122873e-04
1.070957929557319558e-03
1.712114891805975678e-03
2.316568587050894194e-03
2.874459201699592573e-03
3.376815186461891091e-03
3.815692227327761085e-03
4.184293381256287345e-03
4.477068865444053074e-03
4.689794590733105395e-03
4.819628599863724945e-03
4.865144460091021771e-03
4.826340895495585814e-03
4.704627653657469585e-03
4.502788359813597076e-03
4.224921459059789719e-03
3.876360363030123893e-03
3.463574068220556454e-03
2.994049986750011490e-03
2.476161220341674754e-03
1.919020700901216854e-03
1.332324610211690821e-03
7.261875669612353297e-04
1.109722951926075480e-04
-5.028833234901449118e-04
-1.105038900169720908e-03
-1.685421087540947896e-03
-2.234387348610599594e-03
-2.742881390883883819e-03
-3.202577862941053538e-03
-3.606014072959355839e-03
-3.946706656623827705e-03
-4.219251359416350232e-03
-4.419404449186540434e-03
-4.544144657999204563e-03
-4.591714857435581949e-03
-4.561642924127661848e-03
-4.454741565375509339e-03
-4.273087263160675608e-03
-4.019978860593606367e-03
-3.699876609306941653e-03
-3.318322776577556019e-03
-2.881845218441807244e-03
-2.397845613954551272e-03
-1.874474274724581297e-03
-1.320493612500806425e-03
-7.451325110117711136e-04
-1.579340036191658760e-04
4.314012356537822801e-04
1.013173042846606930e-03
1.577839022013952878e-03
2.116168409308313673e-03
2.619390101321211490e-03
3.079332507417339212e-03
3.488553033911029073e-03
3.840455193673594954e-03
4.129391549790783697e-03
4.350750939179161107e-03
4.501028674665535044e-03
4.577878693431266903e-03
4.580146914052784200e-03
4.507885378758987385e-03
4.362347070566903809e-03
4.145961593399949061e-03
3.862292195263013032e-03
3.515974908653349013e-03
3.112640868348093368e-03
2.658823127938039765e-03
2.161849529454106834e-03
1.629723389711141852e-03
1.070993950425976971e-03
4.946186899216338745e-04
-9.018028945922992152e-05
-6.740635018166008874e-04
-1.247722605011716010e-03
-1.802027869009822534e-03
-2.328172269533623599e-03
-2.817809952994909661e-03
-3.263186916583559437e-03
-3.657261884128353620e-03
-3.993815526103519642e-03
-4.267546362285646461e-03
-4.474151898512822301e-03
-4.610393787487742506e-03
-4.674146062500565170e-03
-4.664425763158251692e-03
-4.581405548752495033e-03
-4.426408176650653038e-03
-4.201883006921170241e-03
-3.911364974583101360e-03
-3.559416741905587888e-03
-3.151555001141958384e-03
-2.694162139537640503e-03
-2.194384700086414799e-03
-1.660020270052989418e-03
-1.099394601503072026e-03
-5.212309111085090818e-04
6.548658159013757030e-05
6.516527386852268792e-04
1.228183026140593909e-03
1.786154276552511444e-03
2.316942517038153831e-03
2.812355742027050805e-03
3.264759598398408406e-03
3.667194069174349331e-03
4.013479389669411673e-03
4.298309603887618888e-03
4.517332366332727812e-03
4.667213812330929003e-03
4.745687555100052031e-03
4.751587116215932535e-03
4.684861353750095422e-03
4.546572715241883542e-03
4.338878407003824746e-03
4.064994833081899198e-03
3.729145912143707903e-03
3.336496124683213833e-03
2.893069372824939606e-03
2.405654947507786766e-03
1.881702089396189524e-03
1.329204797491125717e-03
7.565786809514813381e-04
1.725317632832300155e-04
-4.140687680384637403e-04
-9.943318204556691065e-04
-1.559477596124293677e-03
-2.100970674999418086e-03
-2.610648964896686124e-03
-3.080846574010110642e-03
-3.504508762360403033e-03
-3.875297257119567594e-03
-4.187684370658168766e-03
-4.437034537059918529e-03
-4.619672079870240644e-03
-4.732934237822502416e-03
-4.775208702920752390e-03
-4.745955163119588635e-03
-4.645710586232683868e-03
-4.476078228802469680e-03
-4.239700599736519887e-03
-3.940216849913306257e-03
-3.582205292034830978e-03
-3.171111976246864059e-03
-2.713166453184923544e-03
-2.215286044139531778e-03
-1.684970105220636501e-03
-1.130185916300415448e-03
-5.592479440953715625e-04
1.930767957471068991e-05
5.968515598285979978e-04
1.164790382066520965e-03
1.714695252468273956e-03
2.238427115592038844e-03
2.728257381807202599e-03
3.176981977884587704e-03
3.578027141045876051e-03
3.925545408414742032e-03
4.214500407933003713e-03
4.440739231047779838e-03
4.601051359070373360e-03
4.693213321096412378e-03
4.716018478571601391e-03
4.669291556698339229e-03
4.553887772465800912e-03
4.371676639711099752e-03
4.125510759795926463e-03
3.819180128862909203e-03
3.457352705867589113e-03
3.045502186586607988e-03
2.589824114617036467e-03
2.097141628341697966e-03
1.574802290523493646e-03
1.030567572538980013e-03
4.724966665175518005e-04
-9.117362553613298599e-05
-6.521511271799725106e-04
-1.202210826707208113e-03
-1.733315904034307946e-03
-2.237735461039016670e-03
-2.708157229152589364e-03
-3.137793611363696479e-03
-3.520479523056954923e-03
-3.850760625527692091e-03
-4.123970695547036006e-03
-4.336297041649811446e-03
-4.484833060292404451e-03
-4.567617219885731529e-03
-4.583657964978255818e-03
-4.532944243465428062e-03
-4.416441573476598791e-03
-4.236073780367704406e-03
-3.994690744825520230e-03
-3.696022707427944979e-03
-3.344621870074761683e-03
-2.945792217703380091e-03
-2.505508652007547819e-03
-2.030326680079823018e-03
-1.527284032879894834e-03
-1.003795699382839654e-03
-4.675439506490492326e-04
7.363500724276427227e-05
6.118660722791498686e-04
1.139350283237109242e-03
1.648478169442466447e-03
2.131939763395985545e-03
2.582829684597704942e-03
2.994745784384325333e-03
3.361879944757869068e-03
3.679099747343529854e-03
3.942019869837496901e-03
4.147062224394694636e-03
4.291504022949930823e-03
4.373513135876166101e-03
4.392170299913082145e-03
4.347477926128946735e-03
4.240355455905060571e-03
4.072621409650803957e-03
3.846962466295029276e-03
3.566890098739579958e-03
3.236685468710199555e-03
2.861333451248651918e-03
2.446446812106986383e-03
1.998181698360335188e-03
1.523145721796508251e-03
1.028300014407739762e-03
5.208567143149781409e-04
8.173397667377195279e-06
-5.023539931884691634e-04
-1.003398163040775722e-03
-1.487805867311287706e-03
-1.948700187775891665e-03
-2.379578217827226991e-03
-2.774402770738578893e-03
-3.127686820185870790e-03
-3.434569496161024322e-03
-3.690882589613670751e-03
-3.893206663647793588e-03
-4.038916025684454597e-03
-4.126211981312809078e-03
-4.154143964095560228e-03
-4.122618313797379343e-03
-4.032394655754797594e-03
-3.885070013743699771e-03
-3.683050965156787170e-03
-3.429514318009126671e-03
-3.128356951836796119e-03
-2.784135616627953641e-03
-2.401997623414635786e-03
-1.987603485124665378e-03
-1.547042675044640403e-03
-1.086743761333971601e-03
-6.133802482652664844e-04
-1.337735073490069714e-04
3.452057863692806314e-04
8.167362860919013439e-04
1.274143255590825998e-03
1.710993114110303300e-03
2.121183905265359645e-03
2.499030419640754178e-03
2.839342786873624760e-03
3.137497455479414544e-03
3.389499595954251904e-03
3.592036092940941241e-03
3.742518433503791691e-03
3.839114948695871235e-03
3.880772022378480793e-03
3.867224042364353614e-03
3.798992032051055987e-03
3.677371063401461190e-03
3.504406712122759907e-03
3.282860970856471463e-03
3.016168183989927955e-03
2.708381706226494108e-03
2.364112114416208523e-03
1.988457916610847451e-03
1.586929802321519929e-03
1.165369562223645111e-03
7.298648729801569032e-04
2.866611926274088818e-04
-1.579279564814377887e-04
-5.976110271584473199e-04
-1.026207524787829412e-03
-1.437734861998434194e-03
-1.826491771589648476e-03
-2.187137117421254166e-03
-2.514763017771059952e-03
-2.804961285337023887e-03
-3.053882291187158537e-03
-3.258285474963882548e-03
-3.415580848766014161e-03
-3.523860975509174494e-03
-3.581923042200482570e-03
-3.589280792435247010e-03
-3.546166228415385466e-03
-3.453521138828747738e-03
-3.312978652903896155e-03
-3.126835160857819804e-03
-2.898013074815581312e-03
-2.630015030244060165e-03
-2.326870244301385525e-03
-1.993073852673016115e-03
-1.633520139059329440e-03
-1.253430650293770694e-03
-8.582782541102559198e-04
-4.537082450634261901e-04
-4.545763650275887419e-05
3.607262075224073683e-04
7.591664470436281648e-04
1.144336011090298089e-03
1.510934108947025031e-03
1.853958952047951277e-03
2.168775693381260784e-03
2.451178667338922874e-03
2.697447101280203794e-03
2.904393569315652686e-03
3.069404567460818321e-03
3.190472705724557538e-03
3.266220135167508063e-03
3.295912954706722332e-03
3.279466471616470247e-03
3.217441319438620224e-03
3.111030565532102790e-03
2.962038065955909308e-03
2.772848446052940743e-03
2.546389199337476244e-03
2.286085503518167032e-03
1.995808449324374539e-03
1.679817463935990868e-03
1.342697785179277617e-03
9.892939042723959252e-04
6.246399430758120715e-04
2.538879659595429886e-04
-1.177647537916782930e-04
-4.851484877962043869e-04
-8.431928104614511924e-04
-1.186996368037414838e-03
-1.511893702844946570e-03
-1.813518226635436187e-03
-2.087860499176924598e-03
-2.331321041495757265e-03
-2.540756996608271954e-03
-2.713522042764623769e-03
-2.847499063834280173e-03
-2.941125187012960836e-03
-2.993408907991236805e-03
-3.003939136510707861e-03
-2.972886109252457880e-03
-2.900994230625522641e-03
-2.789567013703239673e-03
-2.640444401722358975e-03
-2.455972853763835079e-03
-2.238968675078919016e-03
-1.992675161730336330e-03
-1.720714209618421286e-03
-1.427033108541859606e-03
-1.115847301798286988e-03
-7.915799402780748480e-04
-4.587990964478149271e-04
-1.221535277204225170e-04
2.136921097722657671e-04
5.441216970550557695e-04
8.646308514039907330e-04
1.170888027875280129e-03
1.458792699773205949e-03
1.724529842859938997e-03
1.964620006622111968e-03
2.175964323730494518e-03
2.355883884904953155e-03
2.502152989613980281e-03
2.613025872136623927e-03
2.687256596242346574e-03
2.724111908715431008e-03
2.723376940836349808e-03
2.685353746310523496e-03
2.610852762664431052e-03
2.501177379435783835e-03
2.358101889291057494e-03
2.183843186253575912e-03
1.981026657369903618e-03
1.752646789318288312e-03
1.502023078706922607e-03
1.232751893294364290e-03
9.486549803761553127e-04
6.537253575566697849e-04
3.520713496393026152e-04
4.785955314110657130e-05
-2.547424831490647233e-04
-5.516230770793680623e-04
-8.387819616127560347e-04
-1.112383817923690574e-03
-1.368809083000224226e-03
-1.604701365793153190e-03
-1.817010858712913473e-03
-2.003033191830651174e-03
-2.160443244578959688e-03
-2.287323503078976875e-03
-2.382186629379230269e-03
-2.443991990765652638e-03
-2.472155981739471587e-03
-2.466556057078798676e-03
-2.427528480433523671e-03
-2.355859877973662600e-03
-2.252772769578221135e-03
-2.119905329824579160e-03
-1.959285706556758693e-03
-1.773301295122106788e-03
-1.564663430555240974e-03
-1.336368017277934179e-03
-1.091652665558274105e-03
-8.339509454653672074e-04
-5.668444018784381299e-04
-2.940129979343645010e-04
-1.918466889067750768e-05
2.539153263503011234e-04
5.216145728234406961e-04
7.803425161119956471e-04
1.026677679920157864e-03
1.257392467006932229e-03
1.469494964327853039e-03
1.660267219015781198e-03
1.827299504310769471e-03
1.968520152897822954e-03
2.082220598524135279e-03
2.167075334324380757e-03
2.222156567035684337e-03
2.246943419270085174e-03
2.241325606214092554e-03
2.205601587561748997e-03
2.140471269152385836e-03
2.047023400711384458e-03
1.926717885347648158e-03
1.781363282150002798e-03
1.613089844513299412e-03
1.424318492957742490e-03
1.217726171472743694e-03
9.962080802491963399e-04
7.628373145078030894e-04
5.208224686206537786e-04
2.734637865024950156e-04
2.410845314100179977e-05
-2.238943719667526818e-04
-4.672381808082448694e-04
-7.027028135863825449e-04
-9.271966551422078763e-04
-1.137796785021359712e-03
-1.331786567087046326e-03
-1.506690202995194855e-03
-1.660303818146479943e-03
-1.790722698284645835e-03
-1.896364349006969801e-03
-1.975987108349662371e-03
-2.028704103497315850e-03
-2.053992405735256301e-03
-2.051697302149676268e-03
-2.022031667449344147e-03
-1.965570483766857120e-03
-1.883240619574524715e-03
-1.776306040094701930e-03
-1.646348680033654340e-03
-1.495245264367179054e-03
-1.325140413606575897e-03
-1.138416415819580108e-03
-9.376600881594462054e-04
-7.256271852590396188e-04
-5.052048402119392861e-04
-2.793725456512000127e-04
-5.116219744631950314e-05
1.763822683643785638e-04
4.002451136679064411e-04
6.174783854304249616e-04
8.252403385080105559e-04
1.020832199827044181e-03
1.201732805001732435e-03
1.365630669709331666e-03
1.510453094776973522e-03
1.634391945510300058e-03
1.735925791654344868e-03
1.813838143972091969e-03
1.867231576024511305e-03
1.895537574687671672e-03
1.898522019484362618e-03
1.876286248230723099e-03
1.829263724041342316e-03
1.758212375668780905e-03
1.664202738747539746e-03
1.548602079071256972e-03
1.413054729874754344e-03
1.259458922607469998e-03
1.089940434262231823e-03
9.068234134669735103e-04
7.125987817521916776e-04
5.098906353105792490e-04
3.014210957922301725e-04
8.997407601660704728e-05
-1.216415622935592853e-04
-3.306289766119498044e-04
-5.342399565811465885e-04
-7.298107082529013212e-04
-9.147963493712027048e-04
-1.086803674687608634e-03
-1.243621775053648307e-03
-1.383250123991532901e-03
-1.503923780185490540e-03
-1.604135393393945697e-03
-1.682653744138525639e-03
-1.738538593607896971e-03
-1.771151668926728351e-03
-1.780163659642053624e-03
-1.765557153320210107e-03
-1.727625490859687309e-03
-1.666967574832189112e-03
-1.584478716195075743e-03
-1.481337655425884678e-03
-1.358989942854884779e-03
-1.219127909129621382e-03
-1.063667499736085107e-03
-8.947222868104177853e-04
-7.145750066118836293e-04
-5.256470015559868564e-04
-3.304659712688585277e-04
-1.316324574061522774e-04
6.821449825967677112e-05
2.664320738917428624e-04
4.604083138991813201e-04
6.475962521130822127e-04
8.255470707048907699e-04
9.919418675901278681e-04
1.144621624394811642e-03
1.281614991538892806e-03
1.401163536337707294e-03
1.501744133816480852e-03
1.582088217748632867e-03
1.641197650771638889e-03
1.678357016766443598e-03
1.693142185438085805e-03
1.685425047603239220e-03
1.655374369455112809e-03
1.603452764394545276e-03
1.530409831248678984e-03
1.437271557205213775e-03
1.325326131933274787e-03
1.196106365535914637e-03
1.051368946592010079e-03
8.930708170420387747e-04
7.233429775426305835e-04
5.444620696858481351e-04
3.588201097408067570e-04
1.688927719630192465e-04
-2.279336225435751634e-05
-2.136941602891771720e-04
-4.012814628809989069e-04
-5.830763394033729998e-04
-7.566816398520030207e-04
-9.198134192264072889e-04
-1.070330825118183827e-03
-1.206264059728642682e-03
-1.325840052984345648e-03
-1.427505513550263866e-03
-1.509947058983901512e-03
-1.572108164574647325e-03
-1.613202712088319078e-03
-1.632724964132187392e-03
-1.630455836625539084e-03
-1.606465390257405448e-03
-1.561111511266190200e-03
-1.495034801687134766e-03
-1.409149748789268169e-03
-1.304632292084236585e-03
-1.182903953421577488e-03
-1.045612740673023148e-03
-8.946110777583869862e-04
-7.319310527372182478e-04
-5.597573108644542149e-04
-3.803979504268273923e-04
-1.962538054334379280e-04
-9.786520478207639309e-06
1.765141609560709382e-04
3.601634630408234445e-04
5.387145624880771994e-04
7.097910562094593770e-04
8.711184828255164828e-04
1.020554481392228069e-03
1.156117188487485728e-03
1.276011497837263456e-03
1.378652834668095666e-03
1.462688129586791350e-03
1.527013713591907594e-03
1.570789896337461671e-03
1.593452033468368244e-03
1.594717935166083296e-03
1.574591516368407636e-03
1.533362638834310674e-03
1.471603145654247708e-03
1.390159139299638417e-03
1.290139604187112926e-03
1.172901523358042299e-03
1.040031685575683968e-03
8.933254233222337557e-04
7.347625632248581604e-04
5.664809078165642829e-04
3.907476007404697303e-04
2.099287560703508445e-04
2.645775598289341982e-05
-1.571973607754162210e-04
-3.385669845590699571e-04
-5.152130527242643416e-04
-6.847617568834380710e-04
-8.449354015820663205e-04
-9.935829872577261069e-04
-1.128709106863580360e-03
-1.248500767569363581e-03
-1.351351776228608501e-03
-1.435884359451635676e-03
-1.500967725753644434e-03
-1.545733317854686021e-03
-1.569586547291455629e-03
-1.572214850455712094e-03
-1.553591954415973770e-03
-1.513978291750991880e-03
-1.453917555498108333e-03
-1.374229437536918404e-03
-1.275998645684650471e-03
-1.160560345895328156e-03
-1.029482225745848630e-03
-8.845434234840010177e-04
-7.277106131092100048e-04
-5.611115802780500999e-04
-3.870066666165095657e-04
-2.077585019819480324e-04
-2.580048654677720253e-05
1.563954710318630733e-04
3.363514043655069859e-04
5.116153182514500278e-04
6.797921192055563682e-04
8.385726925682572943e-04
9.857602783262307908e-04
1.119293191499859744e-03
1.237262818384957715e-03
1.337925709240373254e-03
1.419708503444346102e-03
1.481204400520683096e-03
1.521159982408959964e-03
1.538451470321906779e-03
1.532050052971545631e-03
1.500976853919930212e-03
1.444249516664589247e-03
1.360824357827076841e-03
1.249540598886010817e-03
1.109076266202720746e-03
9.379287316426942198e-04
7.344361383559115664e-04
4.968584687998795369e-04
2.235378714628357571e-04
-8.684402397500119437e-05
-4.348998790295815846e-04
-8.200603476798763768e-04
-1.240002873454114406e-03
-1.690022413704030894e-03
-2.162406481165134609e-03
-2.645903352059794308e-03
-3.125394983840115801e-03
-3.581899003357033769e-03
-3.993020217365900355e-03
-4.333945120033427280e-03
-4.579018726215321189e-03
-4.703861875032676679e-03
-4.687885109646125655e-03
-4.516945656310170781e-03
-4.185797007954401676e-03
-3.699920806001510531e-03
-3.076332868949749159e-03
-2.343038009375305198e-03
-1.536977353067039281e-03
-7.005538926696717149e-04
1.228981266818930044e-04
8.940711781549343529e-04
1.582259602767312982e-03
2.168703544973825306e-03
2.647997642891496573e-03
3.027188060181458442e-03
3.322644191141663726e-03
3.555294316262571329e-03
3.745232890204434721e-03
3.906917008736382479e-03
4.046085306900039716e-03
4.159140703740702404e-03
4.235115447584025632e-03
4.259640391336906758e-03
4.219771283561778857e-03
4.108267769056932368e-03
3.926079715932531862e-03
3.682347233269973961e-03
3.392007196458100490e-03
3.071867878211889755e-03
2.736499265292674423e-03
2.395308817341858763e-03
2.051709843918803847e-03
1.704502747129008284e-03
1.350770516923038064e-03
9.890553370476885559e-04
6.215452645394009502e-04
2.544727852985503619e-04
-1.032891630159635005e-04
-4.426895597419193353e-04
-7.568714905132622756e-04
-1.042428027546132016e-03
-1.299097529334259944e-03
-1.528213484023148222e-03
-1.730795201471912537e-03
-1.906276124230923009e-03
-2.052474033479515046e-03
-2.166724322211257322e-03
-2.247483941317468623e-03
-2.295489966358730833e-03
-2.313832611033959149e-03
-2.306916504462224165e-03
-2.278891586561702758e-03
-2.232400088729461982e-03
-2.168270855077394661e-03
-2.086234581916454004e-03
-1.986164804299109850e-03
-1.869097962649843639e-03
-1.737482132804984503e-03
-1.594606309071707395e-03
-1.443649669474117827e-03
-1.286966411758193795e-03
-1.125999352419330404e-03
-9.617650821359373251e-04
-7.954836872568529218e-04
-6.288756463117642923e-04
-4.639297122097106097e-04
-3.023441861724156634e-04
-1.450746938547865881e-04
7.670826055285996932e-06
1.559846712997252968e-04
2.996817480330959071e-04
4.379972469152237013e-04
5.697528376133738186e-04
6.938424425804764605e-04
8.096703451166320682e-04
9.172318961822829115e-04
1.016802639460995250e-03
1.108480655447515069e-03
1.191906322861351975e-03
1.266323351249122858e-03
1.330886239098946029e-03
1.384963539462798991e-03
1.428235516747785325e-03
1.460572808647054091e-03
1.481844983350159720e-03
1.491823139944712480e-03
1.490223287245342034e-03
1.476807876975506657e-03
1.451433382309358887e-03
1.414010244130050643e-03
1.364438367359727860e-03
1.302602340459080559e-03
1.228444429324300480e-03
1.142054369284110221e-03
1.043703607194140445e-03
9.338150153606985561e-04
8.129277470470413786e-04
6.817182249138463304e-04
5.410709326378112128e-04
3.921274819053300210e-04
2.362495272135900666e-04
7.490788193751945383e-05
-9.041747713764972843e-05
-2.582460930794057896e-04
-4.270132216838450133e-04
-5.949728269969592302e-04
-7.601749271016025903e-04
-9.205378432396261546e-04
-1.073959938829779524e-03
-1.218398282280773069e-03
-1.351888697202011710e-03
-1.472538301537360417e-03
-1.578533936106597422e-03
-1.668176983555146129e-03
-1.739921421043587324e-03
-1.792394063773173046e-03
-1.824404708899470548e-03
-1.834970764117743259e-03
-1.823364989721302587e-03
-1.789165542481998671e-03
-1.732279298208161270e-03
-1.652931773300398387e-03
-1.551644647806880647e-03
-1.429225768285425843e-03
-1.286776064692970274e-03
-1.125698412917878989e-03
-9.476946555380008456e-04
-7.547513806373321033e-04
-5.491215739258650200e-04
-3.333013130599271970e-04
-1.099931052858257413e-04
1.179452476170942245e-04
3.475522003854272682e-04
5.757979498404418306e-04
7.996048001346263987e-04
1.015872620286972956e-03
1.221527790980864387e-03
1.413591329230926659e-03
1.589242717914546863e-03
1.745861091382073160e-03
1.881048215604096173e-03
1.992652750495632358e-03
2.078807978908476205e-03
2.137976677038809330e-03
2.168988321779947472e-03
2.171061720246862756e-03
2.143817634391967028e-03
2.087287670629770202e-03
2.001919301727955562e-03
1.888573531948026588e-03
1.748515593128739882e-03
1.583402923567356737e-03
1.395271632343726437e-03
1.186516418041887438e-03
9.598585164107065800e-04
7.183032177660062878e-04
4.650944765039771614e-04
2.036718934953433546e-04
-6.237202042786334493e-05
-3.293398987203761128e-04
-5.934846355917898367e-04
-8.510675272087097959e-04
-1.098414317729021292e-03
-1.331967687150619048e-03
-1.548338040217825612e-03
-1.744354185854634894e-03
-1.917113088248625658e-03
-2.064026263483434345e-03
-2.182860558464060161e-03
-2.271772260087270325e-03
-2.329334961041222476e-03
-2.354562550619975110e-03
-2.346928041354689933e-03
-2.306376777369326201e-03
-2.233331150887116028e-03
-2.128685456432171524e-03
-1.993792772912389346e-03
-1.830447034714967900e-03
-1.640861121342961472e-03
-1.427638782784691404e-03
-1.193738343279707355e-03
-9.424291376435893963e-04
-6.772437076702216919e-04
-4.019276818861428763e-04
-1.203869636049828166e-04
1.633685744430457012e-04
4.452841445667649728e-04
7.213199316037509530e-04
9.875103371400479040e-04
1.240022035738292880e-03
1.475210422183399371e-03
1.689673612583203607e-03
1.880303060219769978e-03
2.044330027570900009e-03
2.179367128143721959e-03
2.283444074728722701e-03
2.355037104442844493e-03
2.393092014450419903e-03
2.397040651611185604e-03
2.366810218401052893e-03
2.302824802555115871e-03
2.205999299220837932e-03
2.077726408020122689e-03
1.919856994379062765e-03
1.734673518532028457e-03
1.524856484836070595e-03
1.293444737655087984e-03
1.043790815924056569e-03
7.795121027282153657e-04
5.044379855430188801e-04
2.225534340826173531e-04
-6.205997676663379940e-05
-3.452842858721310985e-04
-6.230255566453347851e-04
-8.912738085066051336e-04
-1.146161868602896781e-03
-1.384022305673747325e-03
-1.601441366176414166e-03
-1.795308878890238165e-03
-1.962863432870605267e-03
-2.101732431129445331e-03
-2.209966566758876649e-03
-2.286068017927333704e-03
-2.329011687964038357e-03
-2.338259233960649115e-03
-2.313765970909724759e-03
-2.255980657278656293e-03
-2.165837959568664428e-03
-2.044743532883726636e-03
-1.894552059313703556e-03
-1.717538786902807896e-03
-1.516365004130272066e-03
-1.294037828377134517e-03
-1.053864879405289751e-03
-7.994046183389188912e-04
-5.344131492696904337e-04
-2.627882356068454131e-04
1.148865090449105168e-05
2.844113367069025784e-04
5.520081100010864640e-04
8.104001987334221542e-04
1.055858706261017131e-03
1.284859119235861810e-03
1.494132559974842766e-03
1.680713057020112935e-03
1.841980163669536914e-03
1.975696291736939170e-03
2.080038211323321454e-03
2.153622271773510816e-03
2.195522983232884098e-03
2.205284697727291805e-03
2.182926264708162471e-03
2.128938645342614341e-03
2.044275526439781436e-03
1.930337061771659037e-03
1.788947027327861695e-03
1.622323811875056284e-03
1.433045704715532869e-03
1.224010974654331403e-03
9.983933471530584500e-04
7.595936109328461179e-04
5.111881181468185941e-04
2.568749277945882618e-04
4.183825829358229782e-07
-2.544070179443191047e-04
-5.038725767799464390e-04
-7.443503726538828634e-04
-9.723664574488422680e-04
-1.184651481898526182e-03
-1.378187980709314224e-03
-1.550253630056998028e-03
-1.698459873329303225e-03
-1.820785365784131395e-03
-1.915603750223099887e-03
-1.981705372667363386e-03
-2.018312658075141659e-03
-2.025088961678865422e-03
-2.002140796354040780e-03
-1.950013432463360051e-03
-1.869679976321950328e-03
-1.762524138089913758e-03
-1.630316987518025179e-03
-1.475188076345272008e-03
-1.299591391735412885e-03
-1.106266688195020132e-03
-8.981968100147255185e-04
-6.785616654060329508e-04
-4.506895610257752554e-04
-2.180066477549617290e-04
1.601474958552202634e-05
2.479081410410078918e-04
4.742644386547245345e-04
6.917823057678827454e-04
8.973165386032828494e-04
1.087923773390050541e-03
1.260904854914070934e-03
1.413843248187987654e-03
1.544638940117814196e-03
1.651537358366188951e-03
1.733152912570058322e-03
1.788486839275125898e-03
1.816939119627592391e-03
1.818314336068819603e-03
1.792821427402996239e-03
1.741067389102286421e-03
1.664045055689741945e-03
1.563115193803171332e-03
1.439983219769668541e-03
1.296670931954734289e-03
1.135483719398196244e-03
9.589737745700115459e-04
7.698998956554967046e-04
5.711845101078654244e-04
3.658685870492974532e-04
1.570651332010900112e-04
-5.208801527895361231e-05
-2.584753874165573117e-04
-4.590503484814040160e-04
-6.508801542419043532e-04
-8.311889197978307399e-04
-9.973978706349210556e-04
-1.147162291981776829e-03
-1.278404647695304637e-03
-1.389343399550403962e-03
-1.478517126027492634e-03
-1.544803616491618580e-03
-1.587433695775984210e-03
-1.605999613522275833e-03
-1.600457915968002843e-03
-1.571126804352812600e-03
-1.518678067718576708e-03
-1.444123757219389036e-03
-1.348797847311301520e-03
-1.234333205010267227e-03
-1.102634256808900440e-03
-9.558458031613694230e-04
-7.963184850801134076e-04
-6.265714552293272449e-04
-4.492528435915530316e-04
-2.670986351880180786e-04
-8.289059612203133662e-05
1.005861060479098222e-04
2.805849425273613433e-04
4.544390902904947571e-04
6.196009123784257302e-04
7.736792670671768487e-04
9.144740995924658658e-04
1.040007816496853763e-03
1.148552995970825510e-03
1.238656047012656877e-03
1.309156495306346840e-03
1.359201643284784150e-03
1.388256424415613803e-03
1.396108346398866693e-03
1.382867493762622666e-03
1.348961635895876837e-03
1.295126560545411913e-03
1.222391824467451964e-03
1.132062181177744984e-03
1.025695009185950473e-03
9.050741219238705917e-04
7.721803923995350892e-04
6.291596703809588728e-04
4.782885066472783290e-04
3.219382274024055741e-04
1.625379222983243345e-04
2.536920961153278580e-06
-1.556326648271273813e-04
-3.095927625576750178e-04
-4.570549681856112510e-04
-5.958544506878383313e-04
-7.239816311203627367e-04
-8.396111739828337637e-04
-9.411278740612850913e-04
-1.027149073451113668e-03
-1.096543300106299357e-03
-1.148444879932900183e-03
-1.182264338430623948e-03
-1.197694474209698434e-03
-1.194712054161252424e-03
-1.173575147574259289e-03
-1.134816183193957046e-03
-1.079230878033387133e-03
-1.007863248631646422e-03
-9.219869735038042262e-04
-8.230834289555870407e-04
-7.128167684118405728e-04
-5.930064572123482569e-04
-4.655977099179987844e-04
-3.326303050824424277e-04
-1.962062727882505232e-04
-5.845696274126345075e-05
7.848999470552858455e-05
2.125433255400631014e-04
3.416798491647061683e-04
4.639748363817763096e-04
5.776305350216417740e-04
6.810024425565047853e-04
7.726229438728087319e-04
8.512219767565175604e-04
9.157444367459543089e-04
9.653640860707638199e-04
9.994937876622274949e-04
1.017791943685499847e-03
1.020165077777084647e-03
1.006766560284653392e-03
9.779915354150652516e-04
9.344681672698623882e-04
8.770453774582228973e-04
8.067772995107217295e-04
7.249047238891131052e-04
6.328338512037776737e-04
5.321127097716420173e-04
4.244056262920471809e-04
3.114661647376351975e-04
1.951089681680351795e-04
7.718095090072369768e-05
-4.046770586083068622e-05
-1.560123032588222659e-04
-2.676816755882387546e-04
-3.737851145796529623e-04
-4.727377607409464035e-04
-5.630840831284781049e-04
-6.435191022925980603e-04
-7.129070495805470619e-04
-7.702971988024458335e-04
-8.149366527874000272e-04
-8.462799167921212975e-04
-8.639951423345632953e-04
-8.679669779301494746e-04
-8.582960166043930280e-04
-8.352948830965841289e-04
-7.994810555626334853e-04
-7.515665664892207196e-04
-6.924447747165086769e-04
-6.231744442294239643e-04
-5.449614050566053925e-04
-4.591381066227213882e-04
-3.671414037516917213e-04
-2.704889397990195739e-04
-1.707545097431989434e-04
-6.954279829329311556e-05
3.153610597745101486e-05
1.308920198193492255e-04
2.269794037789102739e-04
3.183211485995981658e-04
4.035310467242265889e-04
4.813346100901062384e-04
5.505879244941197731e-04
6.102942644485798368e-04
6.596182301108990302e-04
6.978972088995130879e-04
7.246500081436796012e-04
7.395825508556802107e-04
7.425905737204804152e-04
7.337593139250288277e-04
7.133602187510868116e-04
6.818447582006579915e-04
6.398354655829129913e-04
5.881143732950412954e-04
5.276090503305350512e-04
4.593764837614803111e-04
3.845850780312844012e-04
3.044950729223544657e-04
2.204377031206529317e-04
1.337934391085178010e-04
4.596966044183865542e-05
-4.162188180385136015e-05
-1.275874565618259399e-04
-2.105732469366279158e-04
-2.892864066499062749e-04
-3.625149546441349345e-04
-4.291462048960057482e-04
-4.881834542340101040e-04
-5.387606808291179076e-04
-5.801550395239247733e-04
-6.117969767296902459e-04
-6.332778266590856006e-04
-6.443547915299442132e-04
-6.449532504242747174e-04
-6.351663840513028549e-04
-6.152521450531425089e-04
-5.856276450694867814e-04
-5.468610698714117648e-04
-4.996612718901675921e-04
-4.448652248019623274e-04
-3.834235569769759116e-04
-3.163844090585371635e-04
-2.448758853032160197e-04
-1.700873882344966612e-04
-9.325014135986899055e-05
-1.561721497394990611e-05
6.155662469381286447e-05
1.370349225869499680e-04
2.096190826822041822e-04
2.781671509327563732e-04
3.416115421875548551e-04
3.989754390164720822e-04
4.493876135394592403e-04
4.920954502613576146e-04
5.264759781098002833e-04
5.520447528419887432e-04
5.684624662123501310e-04
5.755391951771152668e-04
5.732362423925597712e-04
5.616655576978529969e-04
5.410867685949057948e-04
5.119018853039544303e-04
4.746477822324307637e-04
4.299865920612720108e-04
3.786941806211715058e-04
3.216468997949042518e-04
2.598068414273953285e-04
1.942058372564050498e-04
1.259284678779191112e-04
5.609435748701069882e-05
-1.415995961157384881e-05
-8.369931004884755736e-05
-1.514079992601677165e-04
-2.162074899704284050e-04
-2.770733640967987937e-04
-3.330513041864820536e-04
-3.832718478878173267e-04
-4.269636900988993422e-04
-4.634653319904427139e-04
-4.922349036406237308e-04
-5.128580171061370785e-04
-5.250535388839229880e-04
-5.286772043766582501e-04
-5.237230316233812411e-04
-5.103225266379556946e-04
-4.887417076611920170e-04
-4.593760099264650328e-04
-4.227431656287131655e-04
-3.794741851603252564e-04
-3.303025948530331334e-04
-2.760521129981713590e-04
-2.176229694082340224e-04
-1.559770938845122395e-04
-9.212241536850200065e-05
-2.709652605534158368e-05
3.805002684813550739e-05
1.022705548197584767e-04
1.645388802942788391e-04
2.238655648540342183e-04
2.793134590178385506e-04
3.300123315938716887e-04
3.751723525889867671e-04
4.140962231458046507e-04
4.461897685954618995e-04
4.709708360787358923e-04
4.880763658993873344e-04
4.972675353680338891e-04
4.984329049035885178e-04
4.915895280865846192e-04
4.768820196889480417e-04
4.545796079413481276e-04
4.250712289212328372e-04
3.888587514717155389e-04
3.465484500147704731e-04
2.988408695559804755e-04
2.465192516870599220e-04
1.904367121004095812e-04
1.315023787188695267e-04
7.066671473404150037e-05
8.906262428858580804e-06
-5.279194853499785082e-05
-1.134460807506286749e-04
-1.720950089836107962e-04
-2.278134366057632304e-04
-2.797263724505623058e-04
-3.270227433317422967e-04
-3.689679322683925224e-04
-4.049150504735695463e-04
-4.343147720877794417e-04
-4.567235841306253505e-04
-4.718103298205663905e-04
-4.793609508577818530e-04
-4.792813630402265371e-04
-4.715984292314834118e-04
-4.564590237467617065e-04
-4.341272122044553686e-04
-4.049796003326971549e-04
-3.694989336626013391e-04
-3.282660570516515611e-04
-2.819503681385080633e-04
-2.312989217566834661e-04
-1.771243626795361093e-04
-1.202918815349918717e-04
-6.170540304775923648e-05
-2.293226744767837004e-06
5.700665226513479682e-05
1.152613109495216989e-04
1.715575227208518167e-04
2.250160101712044567e-04
2.748051047653884580e-04
3.201536024394314528e-04
3.603626176545927039e-04
3.948162550695418047e-04
4.229909373459031941e-04
4.444632493754448578e-04
4.589161830624660871e-04
4.661436923211820715e-04
4.660534947603166647e-04
4.586680841900939902e-04
4.441239461694045879e-04
4.226689968778348503e-04
3.946582931993123104e-04
3.605480886302371872e-04
3.208883350472823662e-04
2.763137541131226236e-04
2.275336237911127900e-04
1.753204447655571155e-04
1.204976682206910691e-04
6.392668019435762303e-05
6.493248365064040711e-06
-5.090635546479983076e-05
-1.073793398898425518e-04
-1.620502674736529084e-04
-2.140746021712622055e-04
-2.626517214660267080e-04
-3.070371933881140296e-04
-3.465541309232128661e-04
-3.806034515290737078e-04
-4.086728872707748707e-04
-4.303446112039506087e-04
-4.453013677230209218e-04
-4.533310183305874416e-04
-4.543294392619127661e-04
-4.483017332563024268e-04
-4.353617440662210661e-04
-4.157298886570039848e-04
-3.897293480381140707e-04
-3.577806829019533359e-04
-3.203949643293769263e-04
-2.781655323858282704e-04
-2.317585161463506889e-04
-1.819022672231232485e-04
-1.293758749738272383e-04
-7.499694497620306669e-05
-1.960883290576827034e-05
3.593246653654111686e-05
9.077157159845304722e-05
1.440669010881220457e-04
1.950035943159210644e-04
2.428059651494669834e-04
2.867493000904364295e-04
3.261708213048234968e-04
3.604796492680334636e-04
3.891656159044583666e-04
4.118067975374406237e-04
4.280756573253314103e-04
4.377437088245018470e-04
4.406846355333940294e-04
4.368758253766528011e-04
4.263983037050333774e-04
4.094350731325937165e-04
3.862678930260276720e-04
3.572725553283526969e-04
3.229127362671876944e-04
2.837325250348528066e-04
2.403477503870740596e-04
1.934362440179874935e-04
1.437271952373085941e-04
9.198976470078654209e-05
3.902113550808347116e-05
-1.436581223887578324e-05
-6.735501245907022847e-05
-1.191397168229320520e-04
-1.689347993884583743e-04
-2.159886743412843567e-04
-2.595946459195130613e-04
-2.991015192130762009e-04
-3.339233127346922765e-04
-3.635479282342002588e-04
-3.875446499547114450e-04
-4.055703641266626951e-04
-4.173744096724274163e-04
-4.228019925352083114e-04
-4.217961184029069433e-04
-4.143980215429076612e-04
-4.007460906147658009e-04
-3.810733153567962884e-04
-3.557033005700855504e-04
-3.250449155304416336e-04
-2.895856674916314388e-04
-2.498839070238446556e-04
-2.065599902369388190e-04
-1.602865382574621914e-04
-1.117779473904754610e-04
-6.177931405997192304e-05
-1.105494669317722438e-05
3.962335787652973784e-05
8.948809327109410311e-05
1.377876975889211718e-04
1.837979053685166232e-04
2.268326258422444014e-04
2.662541840078799533e-04
3.014827716610890833e-04
3.320049684468464810e-04
3.573812079510345244e-04
3.772520806618340499e-04
3.913433839829008653e-04
3.994698491135294954e-04
4.015374951972559641e-04
3.975445823729322143e-04
3.875811569032546725e-04
3.718272030781691112e-04
3.505494377656142527e-04
3.240968039830967404e-04
2.928947393895736336e-04
2.574383138423746932e-04
2.182843468742938953e-04
1.760426308531217279e-04
1.313663984987906359e-04
8.494218413764878745e-05
3.747923644820609867e-05
-1.030135364395304827e-05
-5.767764288309181039e-05
-1.039377755702200706e-04
-1.483907073348934098e-04
-1.903765509930879015e-04
-2.292763894147733952e-04
-2.645214093806854219e-04
-2.956012216256481630e-04
-3.220712454823587245e-04
-3.435590515182967986e-04
-3.597695720803731085e-04
-3.704891074464521767e-04
-3.755880740667872047e-04
-3.750224608550825319e-04
-3.688339793663471321e-04
-3.571489136646127205e-04
-3.401756954353094518e-04
-3.182012491356148599e-04
-2.915861704060368118e-04
-2.607588183178484193e-04
-2.262084180429196304e-04
-1.884772849650405153e-04
-1.481522939079348553e-04
-1.058557278314441571e-04
-6.223564892369893155e-05
-1.795594133964600623e-05
2.631382113484041779e-05
6.990852756982548133e-05
1.121775483100442394e-04
1.524944681773051454e-04
1.902663886415215772e-04
2.249426606813342692e-04
2.560229196328708411e-04
2.830643048103376408e-04
3.056877598654319855e-04
3.235833245394602558e-04
3.365143444016547615e-04
3.443205421238743394e-04
3.469199115337597721e-04
3.443094138559472874e-04
3.365644739014961957e-04
3.238372922234948560e-04
3.063540071468907736e-04
2.844107578221819290e-04
2.583687158024086964e-04
2.286481678386111701e-04
1.957217464290508303e-04
1.601069169143627430e-04
1.223578404368719187e-04
8.305674069820308855e-05
4.280490906327188939e-05
2.213487060870932120e-06
-3.810583232266729893e-05
-7.755004300217637880e-05
-1.155338642726133630e-04
-1.514984440478427856e-04
-1.849195977559887731e-04
-2.153154620538090536e-04
-2.422534526904048826e-04
-2.653564278163079450e-04
-2.843079716781858027e-04
-2.988567288580095500e-04
-3.088197359143398822e-04
-3.140847153923352793e-04
-3.146113166635449549e-04
-3.104313089290176310e-04
-3.016477540326374294e-04
-2.884332105308174375e-04
-2.710270458340739686e-04
-2.497319601490240876e-04
-2.249098542615465086e-04
-1.969772024425753797e-04
-1.664001210039568605e-04
-1.336893506037924585e-04
-9.939539364180409572e-05
-6.410406296860492084e-05
-2.843269904271472325e-05
6.972707886645941589e-06
4.143930533243984736e-05
7.426798363029422576e-05
1.047328525366178118e-04
1.320798537182364381e-04
1.555250554976074582e-04
1.742535311134147497e-04
1.874201400011751948e-04
1.941539881757896454e-04
1.935687932303551263e-04
1.847817519007353504e-04
1.669437076792343224e-04
1.392833229994039715e-04
1.011674401533140807e-04
5.217873311592265161e-05
-7.789999903943270422e-06
-7.842802615100500166e-05
-1.588916185157852813e-04
-2.476916461838553634e-04
-3.425974762968784430e-04
-4.405741928546946708e-04
-5.377723550754984639e-04
-6.295897760842754636e-04
-7.108222721391203262e-04
-7.759143358415213120e-04
-8.193109009182309279e-04
-8.358980332788000294e-04
-8.215044916212397305e-04
-7.734194828450771967e-04
-6.908672221602899042e-04
-5.753692825862515448e-04
-4.309244743658393164e-04
-2.639458756929786011e-04
-8.291707279396767760e-05
1.022359652672114841e-04
2.810178637466635449e-04
4.433962528029438701e-04
5.808675794175474638e-04
6.874041148528930046e-04
7.601266293273199314e-04
7.995722795747155047e-04
8.094813622049358819e-04
7.961040595288500091e-04
7.671169887223189482e-04
7.303220358384834854e-04
6.923574126183755549e-04
6.576663037709375506e-04
6.279322093069920853e-04
6.021035239355249482e-04
5.770072316372281025e-04
5.484183934673906744e-04
5.123403754051396091e-04
4.661912230354228357e-04
4.096048911474076473e-04
3.446453622572183948e-04
2.753793164358768171e-04
2.069226642708871656e-04
1.442215243534489125e-04
9.090547313125627135e-05
4.853307736649877771e-05
1.643676607532866465e-05
-7.804240147661588436e-06
-2.742513277009509161e-05
-4.537602316768553048e-05
-6.341356881820705193e-05
-8.166715322219100044e-05
-9.879953535636537261e-05
-1.126773918960121345e-04
-1.212928800455701124e-04
-1.235962908259119778e-04
-1.199428631526392320e-04
-1.120089908057886536e-04
-1.022372250297508051e-04
-9.304679820793284575e-05
-8.612698002393899001e-05
-8.208235376815431537e-05
-8.054249683732397013e-05
-8.064967302785746434e-05
-8.168188960092037339e-05
-8.352229390948208345e-05
-8.676874666323232106e-05
-9.245105138171217133e-05
-1.015076242069387575e-04
-1.142827636370140977e-04
-1.302891948779349822e-04
-1.483469527135820084e-04
-1.670242790179932179e-04
-1.851600655986502056e-04
-2.022124921677219227e-04
-2.182714946799242455e-04
-2.337455155341897658e-04
-2.488967867587093662e-04
-2.634701527342118033e-04
-2.766030056274922273e-04
-2.870509065224546071e-04
-2.935980317853733278e-04
-2.954324090085535745e-04
-2.922987317938308539e-04
-2.843741070822770715e-04
-2.719671412119085605e-04
-2.552303807918680431e-04
-2.340521900990762659e-04
-2.081756942721257430e-04
-1.774533134421711676e-04
-1.420694504394499653e-04
-1.025941229402061252e-04
-5.984354519454803875e-05
-1.464597413642119584e-05
3.233489903274692898e-05
8.061300993631512603e-05
1.297366267695277504e-04
1.790999753533831836e-04
2.278475963164400091e-04
2.749424861895022028e-04
3.193558646762373028e-04
3.602541533094270128e-04
3.970627943531400156e-04
4.293727109044736569e-04
4.567632039731977112e-04
4.786704829719824988e-04
4.943968674691419027e-04
5.032575867898439383e-04
5.047693338393812335e-04
4.987609447329867211e-04
4.853452393505411052e-04
4.647874469378761742e-04
4.373705681485326371e-04
4.033481500454016554e-04
3.630027343888972608e-04
3.167501541169217812e-04
2.652027980701685710e-04
2.091443470827313185e-04
1.494393037807200243e-04
8.694697931574208382e-05
2.249841409327329244e-05
-4.306043293666754528e-05
-1.088085322290711915e-04
-1.737313442158751710e-04
-2.367654335700997994e-04
-2.968772134591632925e-04
-3.531246970396222182e-04
-4.046715124170548617e-04
-4.507638917016556232e-04
-4.907073920953873569e-04
-5.238712615131990886e-04
-5.497171411781888450e-04
-5.678258795752414096e-04
-5.779016163257993379e-04
-5.797579562510614881e-04
-5.733101824157703667e-04
-5.585907319860088918e-04
-5.357791455694014843e-04
-5.052182729340943656e-04
-4.673958035317107938e-04
-4.228988900084894352e-04
-3.723734751141840054e-04
-3.165162299195466481e-04
-2.560982058851366981e-04
-1.919910787828567832e-04
-1.251644670305792858e-04
-5.664781560397689488e-05
1.252037732508766561e-05
8.132562440503624597e-05
1.487815381299899340e-04
2.139200459293644089e-04
2.757920611063814751e-04
3.334886448411621324e-04
3.861710633179503156e-04
4.330906747500737016e-04
4.735919045828524028e-04
5.071092290758604394e-04
5.331734749216412517e-04
5.514301729316476233e-04
5.616573068794338854e-04
5.637680536851282561e-04
5.577976615188303408e-04
5.438880866369234053e-04
5.222844447879672293e-04
4.933436390523806029e-04
4.575420135290969147e-04
4.154690082803472358e-04
3.678065499719338611e-04
3.153058107373546285e-04
2.587725957579452502e-04
1.990619219013886132e-04
1.370732052684300005e-04
7.373845375050071911e-05
1.000395685836137332e-05
-5.318849432778537676e-05
-1.149168602457669770e-04
-1.742919161315883720e-04
-2.304709395045841092e-04
-2.826713555888099886e-04
-3.301808762239312619e-04
-3.723631282424647829e-04
-4.086627722652248166e-04
-4.386148804573733895e-04
-4.618577721860627925e-04
-4.781425229406132066e-04
-4.873332896695164594e-04
-4.894002220430000586e-04
-4.844129114878085529e-04
-4.725400956788597721e-04
-4.540530119576752449e-04
-4.293245360646197480e-04
-3.988196817055730315e-04
-3.630810128067837525e-04
-3.227160986020959077e-04
-2.783898577419835940e-04
-2.308180197825540245e-04
-1.807565684252810626e-04
-1.289867790192183972e-04
-7.630012016905134337e-05
-2.348649353055972061e-05
2.867528436632337511e-05
7.942821398694266649e-05
1.280500370605885344e-04
1.738656475043047749e-04
2.162562080156639499e-04
2.546655631036350660e-04
2.886067646775866669e-04
3.176697543672920730e-04
3.415279906237525683e-04
3.599414660071815889e-04
3.727565925362147218e-04
3.799058311956733137e-04
3.814085426822553799e-04
3.773711586624398919e-04
3.679838206575181277e-04
3.535133853174240331e-04
3.342956949629505466e-04
3.107295367540409393e-04
2.832714538046276977e-04
2.524286091566233805e-04
2.187485200882324093e-04
1.828074957962319232e-04
1.452003758105965966e-04
1.065320687392608815e-04
6.740923354210900964e-05
2.843068425404324804e-05
-9.822978502801690384e-06
-4.679889716679474159e-05
-8.197978083386372214e-05
-1.148904654058740561e-04
-1.451039737901711356e-04
-1.722471993199674247e-04
-1.960057918714522176e-04
-2.161278678417949135e-04
-2.324263972200170923e-04
-2.447802162946261417e-04
-2.531337554672183007e-04
-2.574958350092825844e-04
-2.579378748011296684e-04
-2.545913860416686592e-04
-2.476442226473277012e-04
-2.373354150194978028e-04
-2.239491746445978354e-04
-2.078088357452417020e-04
-1.892707929689453443e-04
-1.687178399100632974e-04
-1.465516299175713649e-04
-1.231848503257645586e-04
-9.903392137608596729e-05
-7.451230367899587081e-05
-5.002384819079235364e-05
-2.595594045852320629e-05
-2.672989713181830366e-06
1.948903923185003716e-05
4.022703159769790745e-05
5.927458587387362117e-05
7.640556548011821368e-05
9.143695058875401648e-05
1.042305301940935270e-04
1.146934701904295001e-04
1.227781238564337990e-04
1.284812507187755800e-04
1.318424984749375041e-04
1.329420364121597614e-04
1.318974575374859133e-04
1.288601096467974021e-04
1.240108960436381053e-04
1.175555969408463309e-04
1.097199009298863420e-04
1.007443203172887216e-04
9.087897216213014127e-05
8.037816765332529971e-05
6.949498808975283597e-05
5.847618551189520008e-05
4.755754143005550574e-05
3.695952174731735037e-05
2.688312991229970168e-05
1.750619952388128130e-05
8.980461108313738235e-06
1.429400191146899845e-06
-5.053350906213186521e-06
-1.040518853238197992e-05
-1.459505320961897210e-05
-1.762306086742327794e-05
-1.951935358260816310e-05
-2.034245244444971639e-05
-2.017720485746602976e-05
-1.913218329121166170e-05
