0.000000000000000000e+00
1.867958920647971172e-02
3.735917841295942343e-02
5.603876761943912821e-02
7.471835682591884686e-02
9.339794603239855164e-02
1.120775352388782564e-01
1.307571244453579751e-01
1.494367136518376937e-01
1.681163028583174124e-01
1.867958920647971033e-01
2.054754812712767942e-01
2.241550704777565128e-01
2.428346596842362037e-01
2.615142488907159501e-01
2.801938380971956133e-01
2.988734273036753875e-01
3.175530165101550506e-01
3.362326057166348248e-01
3.549121949231144879e-01
3.735917841295942066e-01
3.922713733360739252e-01
4.109509625425535884e-01
4.296305517490333625e-01
4.483101409555130257e-01
4.669897301619927443e-01
4.856693193684724075e-01
5.043489085749521816e-01
5.230284977814319003e-01
5.417080869879116189e-01
5.603876761943912266e-01
5.790672654008710563e-01
5.977468546073507749e-01
6.164264438138303825e-01
6.351060330203101012e-01
6.537856222267898199e-01
6.724652114332696495e-01
6.911448006397492572e-01
7.098243898462289758e-01
7.285039790527086945e-01
7.471835682591884131e-01
7.658631574656681318e-01
7.845427466721478504e-01
8.032223358786275691e-01
8.219019250851071767e-01
8.405815142915868954e-01
8.592611034980667251e-01
8.779406927045463327e-01
8.966202819110260513e-01
9.152998711175058810e-01
9.339794603239854887e-01
9.526590495304652073e-01
9.713386387369448149e-01
9.900182279434246446e-01
1.008697817149904363e+00
1.027377406356384082e+00
1.046056995562863801e+00
1.064736584769343519e+00
1.083416173975823238e+00
1.102095763182302957e+00
1.120775352388782453e+00
1.139454941595262394e+00
1.158134530801742113e+00
1.176814120008221609e+00
1.195493709214701550e+00
1.214173298421181046e+00
1.232852887627660765e+00
1.251532476834140706e+00
1.270212066040620202e+00
1.288891655247100143e+00
1.307571244453579640e+00
1.326250833660059358e+00
1.344930422866539299e+00
1.363610012073018796e+00
1.382289601279498514e+00
1.400969190485978233e+00
1.419648779692457952e+00
1.438328368898937670e+00
1.457007958105417389e+00
1.475687547311897108e+00
1.494367136518376826e+00
1.513046725724856545e+00
1.531726314931336264e+00
1.550405904137815982e+00
1.569085493344295701e+00
1.587765082550775197e+00
1.606444671757255138e+00
1.625124260963734857e+00
1.643803850170214353e+00
1.662483439376694294e+00
1.681163028583173791e+00
1.699842617789653509e+00
1.718522206996133450e+00
1.737201796202613169e+00
1.755881385409092665e+00
1.774560974615572384e+00
1.793240563822052103e+00
1.811920153028531821e+00
1.830599742235011762e+00
1.849279331441491037e+00
1.867958920647970977e+00
1.886638509854450696e+00
1.905318099060930415e+00
1.923997688267410355e+00
1.942677277473889630e+00
1.961356866680369349e+00
1.980036455886849289e+00
1.998716045093329008e+00
2.017395634299808727e+00
2.036075223506288001e+00
2.054754812712768164e+00
2.073434401919247883e+00
2.092113991125727601e+00
2.110793580332207320e+00
2.129473169538687038e+00
2.148152758745166313e+00
2.166832347951646476e+00
2.185511937158126194e+00
2.204191526364605913e+00
2.222871115571085632e+00
2.241550704777564906e+00
2.260230293984045069e+00
2.278909883190524788e+00
2.297589472397004506e+00
2.316269061603484225e+00
2.334948650809963500e+00
2.353628240016443218e+00
2.372307829222923381e+00
2.390987418429403100e+00
2.409667007635882818e+00
2.428346596842362093e+00
2.447026186048841812e+00
2.465705775255321530e+00
2.484385364461801693e+00
2.503064953668281412e+00
2.521744542874760686e+00
2.540424132081240405e+00
2.559103721287720123e+00
2.577783310494200286e+00
2.596462899700680005e+00
2.615142488907159279e+00
2.633822078113638998e+00
2.652501667320118717e+00
2.671181256526598435e+00
2.689860845733078598e+00
2.708540434939557873e+00
2.727220024146037591e+00
2.745899613352517310e+00
2.764579202558997029e+00
2.783258791765476747e+00
2.801938380971956466e+00
2.820617970178436185e+00
2.839297559384915903e+00
2.857977148591395622e+00
2.876656737797875341e+00
2.895336327004355059e+00
2.914015916210834778e+00
2.932695505417314497e+00
2.951375094623794215e+00
2.970054683830273934e+00
2.988734273036753653e+00
3.007413862243233371e+00
3.026093451449713090e+00
3.044773040656192808e+00
3.063452629862672527e+00
3.082132219069151802e+00
3.100811808275631964e+00
3.119491397482111683e+00
3.138170986688591402e+00
3.156850575895071120e+00
3.175530165101550395e+00
3.194209754308030114e+00
3.212889343514510276e+00
3.231568932720989995e+00
3.250248521927469714e+00
3.268928111133948988e+00
3.287607700340428707e+00
3.306287289546908426e+00
3.324966878753388588e+00
3.343646467959868307e+00
3.362326057166347582e+00
3.381005646372827300e+00
3.399685235579307019e+00
3.418364824785786737e+00
3.437044413992266900e+00
3.455724003198746175e+00
3.474403592405226338e+00
3.493083181611705612e+00
3.511762770818185331e+00
3.530442360024665494e+00
3.549121949231144768e+00
3.567801538437624931e+00
3.586481127644104205e+00
3.605160716850583480e+00
3.623840306057063643e+00
3.642519895263543361e+00
3.661199484470023524e+00
3.679879073676502799e+00
3.698558662882982073e+00
3.717238252089462236e+00
3.735917841295941955e+00
3.754597430502422117e+00
3.773277019708901392e+00
3.791956608915380667e+00
3.810636198121860829e+00
3.829315787328340548e+00
3.847995376534820711e+00
3.866674965741299985e+00
3.885354554947779260e+00
3.904034144154259423e+00
3.922713733360738697e+00
3.941393322567218860e+00
3.960072911773698578e+00
3.978752500980177853e+00
3.997432090186658016e+00
4.016111679393137734e+00
4.034791268599617453e+00
4.053470857806097172e+00
4.072150447012576002e+00
4.090830036219056609e+00
4.109509625425536328e+00
4.128189214632016046e+00
4.146868803838495765e+00
4.165548393044975484e+00
4.184227982251455202e+00
4.202907571457934921e+00
4.221587160664414640e+00
4.240266749870894358e+00
4.258946339077374077e+00
4.277625928283853796e+00
4.296305517490332626e+00
4.314985106696813233e+00
4.333664695903292952e+00
4.352344285109772670e+00
4.371023874316252389e+00
4.389703463522731219e+00
4.408383052729211826e+00
4.427062641935691545e+00
4.445742231142171264e+00
4.464421820348650982e+00
4.483101409555129813e+00
4.501780998761610419e+00
4.520460587968090138e+00
4.539140177174569857e+00
4.557819766381049575e+00
4.576499355587528406e+00
4.595178944794009013e+00
4.613858534000487843e+00
4.632538123206968450e+00
4.651217712413448169e+00
4.669897301619926999e+00
4.688576890826407606e+00
4.707256480032886437e+00
4.725936069239367043e+00
4.744615658445846762e+00
4.763295247652325592e+00
4.781974836858806199e+00
4.800654426065285030e+00
4.819334015271765637e+00
4.838013604478245355e+00
4.856693193684724186e+00
4.875372782891204793e+00
4.894052372097683623e+00
4.912731961304164230e+00
4.931411550510643060e+00
4.950091139717122779e+00
4.968770728923603386e+00
4.987450318130082216e+00
5.006129907336562823e+00
5.024809496543041654e+00
5.043489085749521372e+00
5.062168674956001979e+00
5.080848264162480810e+00
5.099527853368961416e+00
5.118207442575440247e+00
5.136887031781919966e+00
5.155566620988400572e+00
5.174246210194879403e+00
5.192925799401360010e+00
5.211605388607838840e+00
5.230284977814318559e+00
5.248964567020798277e+00
5.267644156227277996e+00
5.286323745433758603e+00
5.305003334640237433e+00
5.323682923846717152e+00
5.342362513053196871e+00
5.361042102259676589e+00
5.379721691466157196e+00
5.398401280672636027e+00
5.417080869879115745e+00
5.435760459085595464e+00
5.454440048292075183e+00
5.473119637498554901e+00
5.491799226705034620e+00
5.510478815911514339e+00
5.529158405117994057e+00
5.547837994324473776e+00
5.566517583530953495e+00
5.585197172737433213e+00
5.603876761943912932e+00
5.622556351150392651e+00
5.641235940356872369e+00
5.659915529563352088e+00
5.678595118769831807e+00
5.697274707976311525e+00
5.715954297182791244e+00
5.734633886389270963e+00
5.753313475595750681e+00
5.771993064802230400e+00
5.790672654008710118e+00
5.809352243215189837e+00
5.828031832421669556e+00
5.846711421628149274e+00
5.865391010834628993e+00
5.884070600041108712e+00
5.902750189247588430e+00
5.921429778454068149e+00
5.940109367660547868e+00
5.958788956867027586e+00
5.977468546073507305e+00
5.996148135279987024e+00
6.014827724486466742e+00
6.033507313692946461e+00
6.052186902899426180e+00
6.070866492105905010e+00
6.089546081312385617e+00
6.108225670518865336e+00
6.126905259725345054e+00
6.145584848931824773e+00
6.164264438138303603e+00
6.182944027344784210e+00
6.201623616551263929e+00
6.220303205757743648e+00
6.238982794964223366e+00
6.257662384170702197e+00
6.276341973377182804e+00
6.295021562583662522e+00
6.313701151790142241e+00
6.332380740996621959e+00
6.351060330203100790e+00
6.369739919409581397e+00
6.388419508616060227e+00
6.407099097822540834e+00
6.425778687029020553e+00
6.444458276235499383e+00
6.463137865441979990e+00
6.481817454648458821e+00
6.500497043854939427e+00
6.519176633061419146e+00
6.537856222267897977e+00
6.556535811474378583e+00
6.575215400680857414e+00
6.593894989887338021e+00
6.612574579093816851e+00
6.631254168300296570e+00
6.649933757506777177e+00
6.668613346713256007e+00
6.687292935919736614e+00
6.705972525126215444e+00
6.724652114332695163e+00
6.743331703539175770e+00
6.762011292745654600e+00
6.780690881952135207e+00
6.799370471158614038e+00
6.818050060365093756e+00
6.836729649571573475e+00
6.855409238778054082e+00
6.874088827984533800e+00
6.892768417191012631e+00
6.911448006397492350e+00
6.930127595603972068e+00
6.948807184810452675e+00
6.967486774016932394e+00
6.986166363223411224e+00
7.004845952429890943e+00
7.023525541636370662e+00
7.042205130842851268e+00
7.060884720049330987e+00
7.079564309255809818e+00
7.098243898462289536e+00
7.116923487668769255e+00
7.135603076875249862e+00
7.154282666081729580e+00
7.172962255288208411e+00
7.191641844494688129e+00
7.210321433701166960e+00
7.229001022907648455e+00
7.247680612114127285e+00
7.266360201320607004e+00
7.285039790527086723e+00
7.303719379733565553e+00
7.322398968940047048e+00
7.341078558146525879e+00
7.359758147353005597e+00
7.378437736559485316e+00
7.397117325765964146e+00
7.415796914972445641e+00
7.434476504178924472e+00
7.453156093385404191e+00
7.471835682591883909e+00
7.490515271798362740e+00
7.509194861004844235e+00
7.527874450211323065e+00
7.546554039417802784e+00
7.565233628624282503e+00
7.583913217830761333e+00
7.602592807037242828e+00
7.621272396243721658e+00
7.639951985450201377e+00
7.658631574656681096e+00
7.677311163863159926e+00
7.695990753069641421e+00
7.714670342276120252e+00
7.733349931482599970e+00
7.752029520689078801e+00
7.770709109895558520e+00
7.789388699102039126e+00
7.808068288308518845e+00
7.826747877514998564e+00
7.845427466721477394e+00
7.864107055927957113e+00
7.882786645134437720e+00
7.901466234340917438e+00
7.920145823547397157e+00
7.938825412753875987e+00
7.957505001960355706e+00
7.976184591166836313e+00
7.994864180373316032e+00
8.013543769579795750e+00
8.032223358786275469e+00
8.050902947992753411e+00
8.069582537199234906e+00
8.088262126405714625e+00
8.106941715612194344e+00
8.125621304818674062e+00
8.144300894025152004e+00
8.162980483231633499e+00
8.181660072438113218e+00
8.200339661644592937e+00
8.219019250851072655e+00
8.237698840057552374e+00
8.256378429264032093e+00
8.275058018470511811e+00
8.293737607676991530e+00
8.312417196883471249e+00
8.331096786089950967e+00
8.349776375296430686e+00
8.368455964502910405e+00
8.387135553709390123e+00
8.405815142915869842e+00
8.424494732122349561e+00
8.443174321328829279e+00
8.461853910535308998e+00
8.480533499741788717e+00
8.499213088948268435e+00
8.517892678154748154e+00
8.536572267361227873e+00
8.555251856567707591e+00
8.573931445774187310e+00
8.592611034980665252e+00
8.611290624187146747e+00
8.629970213393626466e+00
8.648649802600106185e+00
8.667329391806585903e+00
8.686008981013063845e+00
8.704688570219545340e+00
8.723368159426025059e+00
8.742047748632504778e+00
8.760727337838984496e+00
8.779406927045462439e+00
8.798086516251943934e+00
8.816766105458423652e+00
8.835445694664903371e+00
8.854125283871383090e+00
8.872804873077861032e+00
8.891484462284342527e+00
8.910164051490822246e+00
8.928843640697301964e+00
8.947523229903781683e+00
8.966202819110259625e+00
8.984882408316741120e+00
9.003561997523220839e+00
9.022241586729700558e+00
9.040921175936180276e+00
9.059600765142658219e+00
9.078280354349139714e+00
9.096959943555619432e+00
9.115639532762099151e+00
9.134319121968578870e+00
9.152998711175056812e+00
9.171678300381538307e+00
9.190357889588018026e+00
9.209037478794497744e+00
9.227717068000975686e+00
9.246396657207455405e+00
9.265076246413936900e+00
9.283755835620416619e+00
9.302435424826896337e+00
9.321115014033374280e+00
9.339794603239853998e+00
9.358474192446335493e+00
9.377153781652815212e+00
9.395833370859294931e+00
9.414512960065772873e+00
9.433192549272252592e+00
9.451872138478734087e+00
9.470551727685213805e+00
9.489231316891693524e+00
9.507910906098171466e+00
9.526590495304651185e+00
9.545270084511132680e+00
9.563949673717612399e+00
9.582629262924092117e+00
9.601308852130570060e+00
9.619988441337049778e+00
9.638668030543531273e+00
9.657347619750010992e+00
9.676027208956490711e+00
9.694706798162968653e+00
9.713386387369448371e+00
9.732065976575929866e+00
9.750745565782409585e+00
9.769425154988887527e+00
9.788104744195367246e+00
9.806784333401846965e+00
9.825463922608328460e+00
9.844143511814808178e+00
9.862823101021286121e+00
9.881502690227765839e+00
9.900182279434245558e+00
9.918861868640727053e+00
9.937541457847206772e+00
9.956221047053684714e+00
9.974900636260164433e+00
9.993580225466644151e+00
1.001225981467312565e+01
1.003093940387960536e+01
1.004961899308608331e+01
1.006829858229256303e+01
1.008697817149904274e+01
1.010565776070552424e+01
1.012433734991200396e+01
1.014301693911848190e+01
1.016169652832496162e+01
1.018037611753144134e+01
1.019905570673792283e+01
1.021773529594440255e+01
1.023641488515088049e+01
1.025509447435736021e+01
1.027377406356383993e+01
1.029245365277032143e+01
1.031113324197680114e+01
1.032981283118327909e+01
1.034849242038975881e+01
1.036717200959623852e+01
1.038585159880272002e+01
1.040453118800919796e+01
1.042321077721567768e+01
1.044189036642215740e+01
1.046056995562863712e+01
1.047924954483511861e+01
1.049792913404159655e+01
1.051660872324807627e+01
1.053528831245455599e+01
1.055396790166103571e+01
1.057264749086751721e+01
1.059132708007399515e+01
1.061000666928047487e+01
1.062868625848695459e+01
1.064736584769343430e+01
1.066604543689991580e+01
1.068472502610639374e+01
1.070340461531287346e+01
1.072208420451935318e+01
1.074076379372583290e+01
1.075944338293231439e+01
1.077812297213879233e+01
1.079680256134527205e+01
1.081548215055175177e+01
1.083416173975823149e+01
1.085284132896471299e+01
1.087152091817119093e+01
1.089020050737767065e+01
1.090888009658415037e+01
1.092755968579063008e+01
1.094623927499710980e+01
1.096491886420358952e+01
1.098359845341006924e+01
1.100227804261654896e+01
1.102095763182302868e+01
1.103963722102950840e+01
1.105831681023598811e+01
1.107699639944246783e+01
1.109567598864894755e+01
1.111435557785542727e+01
1.113303516706190699e+01
1.115171475626838671e+01
1.117039434547486643e+01
1.118907393468134615e+01
1.120775352388782586e+01
1.122643311309430558e+01
1.124511270230078530e+01
1.126379229150726502e+01
1.128247188071374474e+01
1.130115146992022446e+01
1.131983105912670418e+01
1.133851064833318389e+01
1.135719023753966361e+01
1.137586982674614333e+01
1.139454941595262305e+01
1.141322900515910277e+01
1.143190859436558249e+01
1.145058818357206221e+01
1.146926777277854193e+01
1.148794736198502164e+01
1.150662695119150136e+01
1.152530654039798108e+01
1.154398612960446080e+01
1.156266571881094052e+01
1.158134530801742024e+01
1.160002489722389996e+01
1.161870448643037967e+01
1.163738407563685939e+01
1.165606366484333911e+01
1.167474325404981883e+01
1.169342284325629855e+01
1.171210243246277827e+01
1.173078202166925799e+01
1.174946161087573770e+01
1.176814120008221742e+01
1.178682078928869714e+01
1.180550037849517686e+01
1.182417996770165658e+01
1.184285955690813630e+01
1.186153914611461602e+01
1.188021873532109574e+01
1.189889832452757545e+01
1.191757791373405517e+01
1.193625750294053489e+01
1.195493709214701461e+01
1.197361668135349433e+01
1.199229627055997405e+01
1.201097585976645377e+01
1.202965544897293348e+01
1.204833503817941143e+01
1.206701462738589292e+01
1.208569421659237264e+01
1.210437380579885236e+01
1.212305339500533208e+01
1.214173298421181002e+01
1.216041257341829152e+01
1.217909216262477123e+01
1.219777175183125095e+01
1.221645134103773067e+01
1.223513093024420861e+01
1.225381051945069011e+01
1.227249010865716983e+01
1.229116969786364955e+01
1.230984928707012926e+01
1.232852887627660721e+01
1.234720846548308870e+01
1.236588805468956842e+01
1.238456764389604814e+01
1.240324723310252786e+01
1.242192682230900580e+01
1.244060641151548730e+01
1.245928600072196701e+01
1.247796558992844673e+01
1.249664517913492645e+01
1.251532476834140439e+01
1.253400435754788589e+01
1.255268394675436561e+01
1.257136353596084533e+01
1.259004312516732504e+01
1.260872271437380299e+01
1.262740230358028448e+01
1.264608189278676420e+01
1.266476148199324392e+01
1.268344107119972186e+01
1.270212066040620158e+01
1.272080024961268307e+01
1.273947983881916279e+01
1.275815942802564251e+01
1.277683901723212045e+01
1.279551860643860017e+01
1.281419819564508167e+01
1.283287778485156139e+01
1.285155737405804111e+01
1.287023696326451905e+01
1.288891655247099877e+01
1.290759614167748026e+01
1.292627573088395998e+01
1.294495532009043970e+01
1.296363490929691764e+01
1.298231449850339736e+01
1.300099408770987885e+01
1.301967367691635857e+01
1.303835326612283829e+01
1.305703285532931623e+01
1.307571244453579595e+01
1.309439203374227745e+01
1.311307162294875717e+01
1.313175121215523689e+01
1.315043080136171483e+01
1.316911039056819455e+01
1.318778997977467604e+01
1.320646956898115576e+01
1.322514915818763370e+01
1.324382874739411342e+01
1.326250833660059314e+01
1.328118792580707463e+01
1.329986751501355435e+01
1.331854710422003230e+01
1.333722669342651201e+01
1.335590628263299173e+01
1.337458587183947323e+01
1.339326546104595295e+01
1.341194505025243089e+01
1.343062463945891061e+01
1.344930422866539033e+01
1.346798381787187182e+01
1.348666340707835154e+01
1.350534299628482948e+01
1.352402258549130920e+01
1.354270217469778892e+01
1.356138176390427041e+01
1.358006135311075013e+01
1.359874094231722808e+01
1.361742053152370779e+01
1.363610012073018751e+01
1.365477970993666901e+01
1.367345929914314695e+01
1.369213888834962667e+01
1.371081847755610816e+01
1.372949806676258611e+01
1.374817765596906760e+01
1.376685724517554554e+01
1.378553683438202526e+01
1.380421642358850676e+01
1.382289601279498470e+01
1.384157560200146619e+01
1.386025519120794414e+01
1.387893478041442386e+01
1.389761436962090535e+01
1.391629395882738329e+01
1.393497354803386479e+01
1.395365313724034273e+01
1.397233272644682245e+01
1.399101231565330394e+01
1.400969190485978189e+01
1.402837149406626338e+01
1.404705108327274132e+01
1.406573067247922104e+01
1.408441026168570254e+01
1.410308985089218048e+01
1.412176944009866197e+01
1.414044902930513992e+01
1.415912861851161964e+01
1.417780820771810113e+01
1.419648779692457907e+01
1.421516738613106057e+01
1.423384697533753851e+01
1.425252656454401823e+01
1.427120615375049972e+01
1.428988574295697767e+01
1.430856533216345916e+01
1.432724492136993533e+01
1.434592451057641682e+01
1.436460409978289832e+01
1.438328368898937626e+01
1.440196327819585598e+01
1.442064286740233392e+01
1.443932245660881541e+01
1.445800204581529691e+01
1.447668163502177485e+01
1.449536122422825457e+01
1.451404081343473251e+01
1.453272040264121401e+01
1.455139999184769550e+01
1.457007958105417345e+01
1.458875917026065316e+01
1.460743875946713111e+01
1.462611834867361260e+01
1.464479793788009410e+01
1.466347752708657204e+01
1.468215711629305176e+01
1.470083670549952970e+01
1.471951629470601119e+01
1.473819588391249269e+01
1.475687547311897063e+01
1.477555506232545035e+01
1.479423465153192829e+01
1.481291424073840979e+01
1.483159382994489128e+01
1.485027341915136923e+01
1.486895300835784894e+01
1.488763259756432689e+01
1.490631218677080838e+01
1.492499177597728988e+01
1.494367136518376782e+01
1.496235095439024754e+01
1.498103054359672548e+01
1.499971013280320697e+01
1.501838972200968847e+01
1.503706931121616641e+01
1.505574890042264613e+01
1.507442848962912407e+01
1.509310807883560557e+01
1.511178766804208706e+01
1.513046725724856501e+01
1.514914684645504472e+01
1.516782643566152267e+01
1.518650602486800416e+01
1.520518561407448566e+01
1.522386520328096360e+01
1.524254479248744332e+01
1.526122438169392126e+01
1.527990397090040275e+01
1.529858356010688425e+01
1.531726314931336219e+01
1.533594273851984191e+01
1.535462232772631985e+01
1.537330191693280135e+01
1.539198150613928284e+01
1.541066109534576078e+01
1.542934068455224050e+01
1.544802027375871845e+01
1.546669986296519994e+01
1.548537945217168144e+01
1.550405904137815760e+01
1.552273863058463910e+01
1.554141821979111704e+01
1.556009780899759853e+01
1.557877739820407825e+01
1.559745698741055620e+01
1.561613657661703769e+01
1.563481616582351563e+01
1.565349575502999713e+01
1.567217534423647685e+01
1.569085493344295479e+01
1.570953452264943628e+01
1.572821411185591423e+01
1.574689370106239572e+01
1.576557329026887544e+01
1.578425287947535338e+01
1.580293246868183488e+01
1.582161205788831282e+01
1.584029164709479431e+01
1.585897123630127403e+01
1.587765082550775197e+01
1.589633041471423347e+01
1.591501000392071141e+01
1.593368959312719291e+01
1.595236918233367263e+01
1.597104877154015057e+01
1.598972836074663206e+01
1.600840794995311001e+01
1.602708753915959150e+01
1.604576712836607300e+01
1.606444671757255094e+01
1.608312630677902888e+01
1.610180589598550682e+01
1.612048548519198832e+01
1.613916507439846981e+01
1.615784466360494775e+01
1.617652425281142925e+01
1.619520384201790719e+01
1.621388343122438869e+01
1.623256302043087018e+01
1.625124260963734812e+01
1.626992219884382607e+01
1.628860178805030401e+01
1.630728137725678550e+01
1.632596096646326700e+01
1.634464055566974494e+01
1.636332014487622644e+01
1.638199973408270438e+01
1.640067932328918587e+01
1.641935891249566737e+01
1.643803850170214531e+01
1.645671809090862325e+01
1.647539768011510475e+01
1.649407726932158269e+01
1.651275685852806419e+01
1.653143644773454213e+01
1.655011603694102362e+01
1.656879562614750512e+01
1.658747521535398306e+01
1.660615480456046456e+01
1.662483439376694250e+01
1.664351398297342044e+01
1.666219357217990193e+01
1.668087316138637988e+01
1.669955275059286137e+01
1.671823233979933931e+01
1.673691192900582081e+01
1.675559151821230230e+01
1.677427110741878025e+01
1.679295069662526174e+01
1.681163028583173968e+01
1.683030987503821763e+01
1.684898946424469912e+01
1.686766905345117706e+01
1.688634864265765856e+01
1.690502823186413650e+01
1.692370782107061800e+01
1.694238741027709949e+01
1.696106699948357743e+01
1.697974658869005893e+01
1.699842617789653687e+01
1.701710576710301481e+01
1.703578535630949631e+01
1.705446494551597425e+01
1.707314453472245575e+01
1.709182412392893369e+01
1.711050371313541518e+01
1.712918330234189668e+01
1.714786289154837462e+01
1.716654248075485611e+01
1.718522206996133050e+01
1.720390165916781200e+01
1.722258124837429349e+01
1.724126083758077144e+01
1.725994042678725293e+01
1.727862001599373087e+01
1.729729960520021237e+01
1.731597919440669386e+01
1.733465878361317181e+01
1.735333837281964975e+01
1.737201796202612769e+01
1.739069755123260919e+01
1.740937714043909068e+01
1.742805672964556862e+01
1.744673631885205012e+01
1.746541590805852806e+01
1.748409549726500956e+01
1.750277508647149105e+01
1.752145467567796899e+01
1.754013426488444694e+01
1.755881385409092488e+01
1.757749344329740637e+01
1.759617303250388787e+01
1.761485262171036581e+01
1.763353221091684730e+01
1.765221180012332525e+01
1.767089138932980674e+01
1.768957097853628824e+01
1.770825056774276618e+01
1.772693015694924412e+01
1.774560974615572206e+01
1.776428933536220356e+01
1.778296892456868505e+01
1.780164851377516300e+01
1.782032810298164449e+01
1.783900769218812243e+01
1.785768728139460393e+01
1.787636687060108542e+01
1.789504645980756337e+01
1.791372604901404131e+01
1.793240563822051925e+01
1.795108522742700075e+01
1.796976481663348224e+01
1.798844440583996018e+01
1.800712399504644168e+01
1.802580358425291962e+01
1.804448317345940112e+01
1.806316276266588261e+01
1.808184235187236055e+01
1.810052194107883849e+01
1.811920153028531644e+01
1.813788111949179793e+01
1.815656070869827943e+01
1.817524029790475737e+01
1.819391988711123886e+01
1.821259947631771681e+01
1.823127906552419830e+01
1.824995865473067980e+01
1.826863824393715774e+01
1.828731783314363568e+01
1.830599742235011362e+01
1.832467701155659512e+01
1.834335660076307661e+01
1.836203618996955456e+01
1.838071577917603605e+01
1.839939536838251399e+01
1.841807495758899549e+01
1.843675454679547343e+01
1.845543413600195137e+01
1.847411372520843287e+01
1.849279331441491081e+01
1.851147290362139231e+01
1.853015249282787380e+01
1.854883208203435174e+01
1.856751167124083324e+01
1.858619126044731118e+01
1.860487084965379267e+01
1.862355043886027062e+01
1.864223002806674856e+01
1.866090961727323005e+01
1.867958920647970800e+01
1.869826879568618949e+01
1.871694838489267099e+01
1.873562797409914893e+01
1.875430756330563042e+01
1.877298715251210837e+01
1.879166674171858986e+01
1.881034633092506780e+01
1.882902592013154575e+01
1.884770550933802724e+01
1.886638509854450518e+01
1.888506468775098668e+01
1.890374427695746817e+01
1.892242386616394612e+01
1.894110345537042761e+01
1.895978304457690555e+01
1.897846263378338705e+01
1.899714222298986499e+01
1.901582181219634293e+01
1.903450140140282443e+01
1.905318099060930237e+01
1.907186057981578386e+01
1.909054016902226536e+01
1.910921975822874330e+01
1.912789934743522480e+01
1.914657893664170274e+01
1.916525852584818423e+01
1.918393811505466218e+01
1.920261770426114012e+01
1.922129729346762161e+01
1.923997688267409956e+01
1.925865647188058105e+01
1.927733606108706255e+01
1.929601565029354049e+01
1.931469523950002198e+01
1.933337482870649993e+01
1.935205441791298142e+01
1.937073400711945936e+01
1.938941359632593731e+01
1.940809318553241880e+01
1.942677277473889674e+01
1.944545236394537824e+01
1.946413195315185973e+01
1.948281154235833768e+01
1.950149113156481917e+01
1.952017072077129711e+01
1.953885030997777505e+01
1.955752989918425655e+01
1.957620948839073449e+01
1.959488907759721599e+01
1.961356866680369393e+01
1.963224825601017542e+01
1.965092784521665692e+01
1.966960743442313486e+01
1.968828702362961636e+01
1.970696661283609430e+01
1.972564620204257224e+01
1.974432579124905374e+01
1.976300538045553168e+01
1.978168496966201317e+01
1.980036455886849112e+01
1.981904414807497261e+01
1.983772373728145411e+01
1.985640332648793205e+01
1.987508291569441354e+01
1.989376250490089149e+01
1.991244209410736943e+01
1.993112168331385092e+01
1.994980127252032887e+01
1.996848086172681036e+01
1.998716045093328830e+01
2.000584004013976980e+01
2.002451962934625129e+01
2.004319921855272923e+01
2.006187880775921073e+01
2.008055839696568867e+01
2.009923798617216661e+01
2.011791757537864811e+01
2.013659716458512605e+01
2.015527675379160755e+01
2.017395634299808549e+01
2.019263593220456698e+01
2.021131552141104848e+01
2.022999511061752642e+01
2.024867469982400792e+01
2.026735428903048586e+01
2.028603387823696380e+01
2.030471346744344530e+01
2.032339305664992324e+01
2.034207264585640473e+01
2.036075223506288268e+01
2.037943182426936417e+01
2.039811141347584567e+01
2.041679100268232361e+01
2.043547059188880510e+01
2.045415018109528305e+01
2.047282977030176099e+01
2.049150935950824248e+01
2.051018894871472042e+01
2.052886853792120192e+01
2.054754812712767986e+01
2.056622771633416136e+01
2.058490730554064285e+01
2.060358689474712079e+01
2.062226648395360229e+01
2.064094607316007668e+01
2.065962566236655817e+01
2.067830525157303967e+01
2.069698484077951761e+01
2.071566442998599911e+01
2.073434401919247705e+01
2.075302360839895854e+01
2.077170319760544004e+01
2.079038278681191798e+01
2.080906237601839592e+01
2.082774196522487387e+01
2.084642155443135536e+01
2.086510114363783686e+01
2.088378073284431480e+01
2.090246032205079629e+01
2.092113991125727424e+01
2.093981950046375573e+01
2.095849908967023723e+01
2.097717867887671517e+01
2.099585826808319311e+01
2.101453785728967105e+01
2.103321744649615255e+01
2.105189703570263404e+01
2.107057662490911198e+01
2.108925621411559348e+01
2.110793580332207142e+01
2.112661539252855292e+01
2.114529498173503441e+01
2.116397457094151235e+01
2.118265416014799030e+01
2.120133374935446824e+01
2.122001333856094973e+01
2.123869292776743123e+01
2.125737251697390917e+01
2.127605210618039067e+01
2.129473169538686861e+01
2.131341128459335010e+01
2.133209087379983160e+01
2.135077046300630954e+01
2.136945005221278748e+01
2.138812964141926543e+01
2.140680923062574692e+01
2.142548881983222842e+01
2.144416840903870636e+01
2.146284799824518785e+01
2.148152758745166580e+01
2.150020717665814729e+01
2.151888676586462879e+01
2.153756635507110673e+01
2.155624594427758467e+01
2.157492553348406261e+01
2.159360512269054411e+01
2.161228471189702560e+01
2.163096430110350354e+01
2.164964389030998504e+01
2.166832347951646298e+01
2.168700306872294448e+01
2.170568265792942597e+01
2.172436224713590391e+01
2.174304183634238186e+01
2.176172142554885980e+01
2.178040101475534129e+01
2.179908060396182279e+01
2.181776019316830073e+01
2.183643978237478223e+01
2.185511937158126017e+01
2.187379896078774166e+01
2.189247854999421961e+01
2.191115813920069755e+01
2.192983772840717904e+01
2.194851731761365699e+01
2.196719690682013848e+01
2.198587649602661998e+01
2.200455608523309792e+01
2.202323567443957941e+01
2.204191526364605735e+01
2.206059485285253885e+01
2.207927444205901679e+01
2.209795403126549473e+01
2.211663362047197623e+01
2.213531320967845417e+01
2.215399279888493567e+01
2.217267238809141716e+01
2.219135197729789510e+01
2.221003156650437660e+01
2.222871115571085454e+01
2.224739074491733604e+01
2.226607033412381398e+01
2.228474992333029192e+01
2.230342951253677342e+01
2.232210910174325136e+01
2.234078869094973285e+01
2.235946828015621435e+01
2.237814786936269229e+01
2.239682745856917379e+01
2.241550704777565173e+01
2.243418663698213322e+01
2.245286622618861117e+01
2.247154581539508911e+01
2.249022540460157060e+01
2.250890499380804854e+01
2.252758458301453004e+01
2.254626417222101153e+01
2.256494376142748948e+01
2.258362335063397097e+01
2.260230293984044891e+01
2.262098252904693041e+01
2.263966211825340835e+01
2.265834170745988629e+01
2.267702129666636779e+01
2.269570088587284573e+01
2.271438047507932723e+01
2.273306006428580872e+01
2.275173965349228666e+01
2.277041924269876816e+01
2.278909883190524610e+01
2.280777842111172760e+01
2.282645801031820554e+01
2.284513759952468348e+01
2.286381718873116498e+01
2.288249677793764292e+01
2.290117636714412441e+01
2.291985595635060591e+01
2.293853554555708385e+01
2.295721513476356535e+01
2.297589472397004329e+01
2.299457431317652123e+01
2.301325390238300272e+01
2.303193349158948067e+01
2.305061308079596216e+01
2.306929267000244010e+01
2.308797225920892160e+01
2.310665184841540309e+01
2.312533143762188104e+01
2.314401102682836253e+01
2.316269061603484047e+01
2.318137020524131842e+01
2.320004979444779991e+01
2.321872938365427785e+01
2.323740897286075935e+01
2.325608856206723729e+01
2.327476815127371879e+01
2.329344774048020028e+01
2.331212732968667822e+01
2.333080691889315972e+01
2.334948650809963766e+01
2.336816609730611560e+01
2.338684568651259710e+01
2.340552527571907504e+01
2.342420486492555654e+01
2.344288445413203448e+01
2.346156404333851597e+01
2.348024363254499747e+01
2.349892322175147541e+01
2.351760281095795690e+01
2.353628240016443485e+01
2.355496198937091279e+01
2.357364157857739428e+01
2.359232116778387223e+01
2.361100075699035372e+01
2.362968034619683166e+01
2.364835993540331316e+01
2.366703952460979465e+01
2.368571911381627260e+01
2.370439870302275409e+01
2.372307829222923203e+01
2.374175788143570998e+01
2.376043747064219147e+01
2.377911705984866941e+01
2.379779664905515091e+01
2.381647623826162885e+01
2.383515582746811035e+01
2.385383541667459184e+01
2.387251500588106978e+01
2.389119459508755128e+01
2.390987418429402922e+01
2.392855377350050716e+01
2.394723336270698866e+01
2.396591295191346660e+01
2.398459254111994809e+01
2.400327213032642604e+01
2.402195171953290753e+01
2.404063130873938903e+01
2.405931089794586697e+01
2.407799048715234846e+01
2.409667007635882285e+01
2.411534966556530435e+01
2.413402925477178584e+01
2.415270884397826379e+01
2.417138843318474528e+01
2.419006802239122322e+01
2.420874761159770472e+01
2.422742720080418621e+01
2.424610679001066416e+01
2.426478637921714210e+01
2.428346596842362004e+01
2.430214555763010154e+01
2.432082514683658303e+01
2.433950473604306097e+01
2.435818432524954247e+01
2.437686391445602041e+01
2.439554350366250191e+01
2.441422309286898340e+01
2.443290268207546134e+01
2.445158227128193928e+01
2.447026186048841723e+01
2.448894144969489872e+01
2.450762103890138022e+01
2.452630062810785816e+01
2.454498021731433965e+01
2.456365980652081760e+01
2.458233939572729909e+01
2.460101898493378059e+01
2.461969857414025853e+01
2.463837816334673647e+01
2.465705775255321441e+01
2.467573734175969591e+01
2.469441693096617740e+01
2.471309652017265535e+01
2.473177610937913684e+01
2.475045569858561478e+01
2.476913528779209628e+01
2.478781487699857777e+01
2.480649446620505572e+01
2.482517405541153366e+01
2.484385364461801160e+01
2.486253323382449310e+01
2.488121282303097459e+01
2.489989241223745253e+01
2.491857200144393403e+01
2.493725159065041197e+01
2.495593117985689346e+01
2.497461076906337496e+01
2.499329035826985290e+01
2.501196994747633084e+01
2.503064953668280879e+01
2.504932912588929028e+01
2.506800871509577178e+01
2.508668830430224972e+01
2.510536789350873121e+01
2.512404748271520916e+01
2.514272707192169065e+01
2.516140666112817215e+01
2.518008625033465009e+01
2.519876583954112803e+01
2.521744542874760597e+01
2.523612501795408747e+01
2.525480460716056896e+01
2.527348419636704691e+01
2.529216378557352840e+01
2.531084337478000634e+01
2.532952296398648784e+01
2.534820255319296578e+01
2.536688214239944372e+01
2.538556173160592522e+01
2.540424132081240316e+01
2.542292091001888465e+01
2.544160049922536615e+01
2.546028008843184409e+01
2.547895967763832559e+01
2.549763926684480353e+01
2.551631885605128502e+01
2.553499844525776297e+01
2.555367803446424091e+01
2.557235762367072240e+01
2.559103721287720035e+01
2.560971680208368184e+01
2.562839639129016334e+01
2.564707598049664128e+01
2.566575556970312277e+01
2.568443515890960072e+01
2.570311474811608221e+01
2.572179433732256015e+01
2.574047392652903810e+01
2.575915351573551959e+01
2.577783310494199753e+01
2.579651269414847903e+01
2.581519228335496052e+01
2.583387187256143847e+01
2.585255146176791996e+01
2.587123105097439790e+01
2.588991064018087940e+01
2.590859022938735734e+01
2.592726981859383528e+01
2.594594940780031678e+01
2.596462899700679472e+01
2.598330858621327621e+01
2.600198817541975771e+01
2.602066776462623565e+01
2.603934735383271715e+01
2.605802694303919509e+01
2.607670653224567658e+01
2.609538612145215453e+01
2.611406571065863247e+01
2.613274529986511396e+01
2.615142488907159191e+01
2.617010447827807340e+01
2.618878406748455490e+01
2.620746365669103284e+01
2.622614324589751433e+01
2.624482283510399228e+01
2.626350242431047377e+01
2.628218201351695171e+01
2.630086160272342966e+01
2.631954119192991115e+01
2.633822078113638909e+01
2.635690037034287059e+01
2.637557995954935208e+01
2.639425954875583002e+01
2.641293913796231152e+01
2.643161872716878946e+01
2.645029831637526740e+01
2.646897790558174890e+01
2.648765749478822684e+01
2.650633708399470834e+01
2.652501667320118628e+01
2.654369626240766777e+01
2.656237585161414927e+01
2.658105544082062721e+01
2.659973503002710871e+01
2.661841461923358665e+01
2.663709420844006459e+01
2.665577379764654609e+01
2.667445338685302403e+01
2.669313297605950552e+01
2.671181256526598347e+01
2.673049215447246496e+01
2.674917174367894646e+01
2.676785133288542440e+01
2.678653092209190589e+01
2.680521051129838384e+01
2.682389010050486178e+01
2.684256968971134327e+01
2.686124927891782121e+01
2.687992886812430271e+01
2.689860845733078065e+01
2.691728804653726215e+01
2.693596763574374364e+01
2.695464722495022158e+01
2.697332681415670308e+01
2.699200640336318102e+01
2.701068599256965896e+01
2.702936558177614046e+01
2.704804517098261840e+01
2.706672476018909990e+01
2.708540434939557784e+01
2.710408393860205933e+01
2.712276352780854083e+01
2.714144311701501877e+01
2.716012270622150027e+01
2.717880229542797821e+01
2.719748188463445615e+01
2.721616147384093765e+01
2.723484106304741559e+01
2.725352065225389708e+01
2.727220024146037503e+01
2.729087983066685652e+01
2.730955941987333802e+01
2.732823900907981951e+01
2.734691859828629390e+01
2.736559818749277539e+01
2.738427777669925334e+01
2.740295736590573483e+01
2.742163695511221633e+01
2.744031654431869072e+01
2.745899613352517221e+01
2.747767572273165371e+01
2.749635531193813520e+01
2.751503490114461670e+01
2.753371449035109109e+01
2.755239407955756903e+01
2.757107366876405052e+01
2.758975325797053202e+01
2.760843284717701351e+01
2.762711243638348790e+01
2.764579202558996940e+01
2.766447161479645089e+01
2.768315120400293239e+01
2.770183079320941033e+01
2.772051038241588827e+01
2.773918997162236622e+01
2.775786956082884771e+01
2.777654915003532921e+01
2.779522873924181070e+01
2.781390832844828509e+01
2.783258791765476658e+01
2.785126750686124808e+01
2.786994709606772957e+01
2.788862668527420752e+01
2.790730627448068546e+01
2.792598586368716340e+01
2.794466545289364490e+01
2.796334504210012639e+01
2.798202463130660789e+01
2.800070422051308228e+01
2.801938380971956377e+01
2.803806339892604527e+01
2.805674298813252676e+01
2.807542257733900470e+01
2.809410216654548265e+01
2.811278175575196059e+01
2.813146134495844208e+01
2.815014093416492358e+01
2.816882052337140507e+01
2.818750011257787946e+01
2.820617970178436096e+01
2.822485929099084245e+01
2.824353888019732395e+01
2.826221846940380189e+01
2.828089805861027983e+01
2.829957764781675777e+01
2.831825723702323927e+01
2.833693682622972077e+01
2.835561641543620226e+01
2.837429600464267665e+01
2.839297559384915814e+01
2.841165518305563964e+01
2.843033477226212113e+01
2.844901436146859908e+01
2.846769395067507702e+01
2.848637353988155496e+01
2.850505312908803646e+01
2.852373271829451795e+01
2.854241230750099945e+01
2.856109189670747384e+01
2.857977148591395533e+01
2.859845107512043683e+01
2.861713066432691832e+01
2.863581025353339626e+01
2.865448984273987065e+01
2.867316943194635215e+01
2.869184902115283364e+01
2.871052861035931514e+01
2.872920819956579663e+01
2.874788778877227102e+01
2.876656737797875252e+01
2.878524696718523401e+01
2.880392655639171196e+01
2.882260614559819345e+01
2.884128573480466784e+01
2.885996532401114933e+01
2.887864491321763083e+01
2.889732450242411232e+01
2.891600409163059382e+01
2.893468368083706821e+01
2.895336327004354970e+01
2.897204285925003120e+01
2.899072244845650914e+01
2.900940203766299064e+01
2.902808162686946503e+01
2.904676121607594652e+01
2.906544080528242802e+01
2.908412039448890951e+01
2.910279998369539101e+01
2.912147957290186540e+01
2.914015916210834689e+01
2.915883875131482839e+01
2.917751834052130633e+01
2.919619792972778782e+01
2.921487751893426221e+01
2.923355710814074371e+01
2.925223669734722520e+01
2.927091628655370670e+01
2.928959587576018819e+01
2.930827546496666258e+01
2.932695505417314408e+01
2.934563464337962557e+01
2.936431423258610351e+01
2.938299382179258501e+01
2.940167341099905940e+01
2.942035300020554089e+01
2.943903258941202239e+01
2.945771217861850388e+01
2.947639176782498538e+01
2.949507135703145977e+01
2.951375094623794126e+01
2.953243053544442276e+01
2.955111012465090070e+01
2.956978971385738220e+01
2.958846930306385659e+01
2.960714889227033808e+01
2.962582848147681958e+01
2.964450807068330107e+01
2.966318765988978257e+01
2.968186724909625696e+01
2.970054683830273845e+01
2.971922642750921995e+01
2.973790601671569789e+01
2.975658560592217938e+01
2.977526519512865377e+01
2.979394478433513527e+01
2.981262437354161676e+01
2.983130396274809826e+01
2.984998355195457975e+01
2.986866314116105414e+01
2.988734273036753564e+01
2.990602231957401358e+01
2.992470190878049507e+01
2.994338149798697657e+01
2.996206108719345096e+01
2.998074067639993245e+01
2.999942026560641395e+01
3.001809985481289544e+01
3.003677944401937694e+01
3.005545903322585133e+01
3.007413862243233282e+01
3.009281821163881077e+01
3.011149780084529226e+01
3.013017739005177376e+01
3.014885697925824815e+01
3.016753656846472964e+01
3.018621615767121114e+01
3.020489574687769263e+01
3.022357533608417413e+01
3.024225492529064852e+01
3.026093451449713001e+01
3.027961410370360795e+01
3.029829369291008945e+01
3.031697328211657094e+01
3.033565287132304533e+01
3.035433246052952683e+01
3.037301204973600832e+01
3.039169163894248982e+01
3.041037122814897131e+01
3.042905081735544570e+01
3.044773040656192720e+01
3.046640999576840514e+01
3.048508958497488663e+01
3.050376917418136813e+01
3.052244876338784252e+01
3.054112835259432401e+01
3.055980794180080551e+01
3.057848753100728700e+01
3.059716712021376850e+01
3.061584670942024289e+01
3.063452629862672438e+01
3.065320588783320233e+01
3.067188547703968382e+01
3.069056506624616532e+01
3.070924465545263971e+01
3.072792424465912120e+01
3.074660383386560270e+01
3.076528342307208419e+01
3.078396301227856569e+01
3.080264260148504007e+01
3.082132219069152157e+01
3.084000177989799951e+01
3.085868136910448101e+01
3.087736095831096250e+01
3.089604054751743689e+01
3.091472013672391839e+01
3.093339972593039988e+01
3.095207931513688138e+01
3.097075890434336287e+01
3.098943849354983726e+01
3.100811808275631520e+01
3.102679767196279670e+01
3.104547726116927819e+01
3.106415685037575969e+01
3.108283643958223408e+01
3.110151602878871557e+01
3.112019561799519707e+01
3.113887520720167856e+01
3.115755479640815651e+01
3.117623438561463445e+01
3.119491397482111239e+01
3.121359356402759389e+01
3.123227315323407538e+01
3.125095274244055688e+01
3.126963233164703126e+01
3.128831192085351276e+01
3.130699151005999425e+01
3.132567109926647575e+01
3.134435068847295369e+01
3.136303027767943163e+01
3.138170986688590958e+01
3.140038945609239107e+01
3.141906904529887257e+01
3.143774863450535406e+01
3.145642822371182845e+01
3.147510781291830995e+01
3.149378740212479144e+01
3.151246699133127294e+01
3.153114658053775088e+01
3.154982616974422882e+01
3.156850575895070676e+01
3.158718534815718826e+01
3.160586493736366975e+01
3.162454452657015125e+01
3.164322411577662564e+01
3.166190370498310713e+01
3.168058329418958863e+01
3.169926288339607012e+01
3.171794247260254807e+01
3.173662206180902601e+01
3.175530165101550395e+01
3.177398124022198544e+01
3.179266082942846694e+01
3.181134041863494843e+01
3.183002000784142282e+01
3.184869959704790432e+01
3.186737918625438581e+01
3.188605877546086731e+01
3.190473836466734525e+01
3.192341795387382319e+01
3.194209754308030114e+01
3.196077713228678263e+01
3.197945672149326413e+01
3.199813631069974562e+01
3.201681589990622001e+01
3.203549548911269795e+01
3.205417507831918300e+01
3.207285466752566094e+01
3.209153425673214599e+01
3.211021384593861683e+01
3.212889343514510188e+01
3.214757302435157982e+01
3.216625261355805776e+01
3.218493220276454281e+01
3.220361179197101364e+01
3.222229138117749869e+01
3.224097097038397663e+01
3.225965055959046168e+01
3.227833014879693962e+01
3.229700973800341757e+01
3.231568932720989551e+01
3.233436891641638056e+01
3.235304850562285850e+01
3.237172809482933644e+01
3.239040768403581438e+01
3.240908727324229233e+01
3.242776686244877737e+01
3.244644645165525532e+01
3.246512604086174036e+01
3.248380563006821120e+01
3.250248521927469625e+01
3.252116480848117419e+01
3.253984439768765213e+01
3.255852398689413718e+01
3.257720357610060802e+01
3.259588316530709307e+01
3.261456275451357101e+01
3.263324234372005606e+01
3.265192193292653400e+01
3.267060152213301194e+01
3.268928111133948988e+01
3.270796070054597493e+01
3.272664028975245287e+01
3.274531987895893081e+01
3.276399946816540876e+01
3.278267905737188670e+01
3.280135864657837175e+01
3.282003823578484969e+01
3.283871782499133474e+01
3.285739741419781268e+01
3.287607700340429062e+01
3.289475659261076856e+01
3.291343618181724651e+01
3.293211577102373155e+01
3.295079536023020950e+01
3.296947494943668744e+01
3.298815453864316538e+01
3.300683412784965043e+01
3.302551371705612837e+01
3.304419330626261342e+01
3.306287289546908426e+01
3.308155248467556930e+01
3.310023207388204725e+01
3.311891166308852519e+01
3.313759125229501024e+01
3.315627084150148107e+01
3.317495043070796612e+01
3.319363001991444406e+01
3.321230960912092911e+01
3.323098919832740705e+01
3.324966878753388499e+01
3.326834837674036294e+01
3.328702796594684088e+01
3.330570755515332593e+01
3.332438714435980387e+01
3.334306673356628181e+01
3.336174632277275975e+01
3.338042591197924480e+01
3.339910550118572274e+01
3.341778509039220069e+01
3.343646467959867863e+01
3.345514426880515657e+01
3.347382385801164162e+01
3.349250344721811956e+01
3.351118303642460461e+01
3.352986262563107545e+01
3.354854221483756049e+01
3.356722180404403844e+01
3.358590139325052348e+01
3.360458098245700143e+01
3.362326057166347937e+01
3.364194016086995731e+01
3.366061975007643525e+01
3.367929933928292030e+01
3.369797892848939824e+01
3.371665851769587618e+01
3.373533810690235413e+01
3.375401769610883917e+01
3.377269728531531712e+01
3.379137687452179506e+01
3.381005646372827300e+01
3.382873605293475094e+01
3.384741564214123599e+01
3.386609523134771393e+01
3.388477482055419898e+01
3.390345440976066982e+01
3.392213399896715487e+01
3.394081358817363281e+01
3.395949317738011786e+01
3.397817276658659580e+01
3.399685235579307374e+01
3.401553194499955168e+01
3.403421153420602963e+01
3.405289112341251467e+01
3.407157071261899262e+01
3.409025030182547056e+01
3.410892989103194850e+01
3.412760948023843355e+01
3.414628906944491149e+01
3.416496865865138943e+01
3.418364824785786737e+01
3.420232783706434532e+01
3.422100742627083036e+01
3.423968701547730831e+01
3.425836660468379335e+01
3.427704619389026419e+01
3.429572578309674924e+01
3.431440537230322718e+01
3.433308496150971223e+01
3.435176455071619017e+01
3.437044413992266101e+01
3.438912372912914606e+01
3.440780331833562400e+01
3.442648290754210905e+01
3.444516249674858699e+01
3.446384208595506493e+01
3.448252167516154287e+01
3.450120126436802792e+01
3.451988085357450586e+01
3.453856044278098381e+01
3.455724003198746175e+01
3.457591962119393969e+01
3.459459921040042474e+01
3.461327879960690268e+01
3.463195838881338773e+01
3.465063797801985856e+01
3.466931756722634361e+01
3.468799715643282155e+01
3.470667674563929950e+01
3.472535633484578454e+01
3.474403592405225538e+01
3.476271551325874043e+01
3.478139510246521837e+01
3.480007469167170342e+01
3.481875428087818136e+01
3.483743387008465930e+01
3.485611345929113725e+01
3.487479304849762229e+01
3.489347263770410024e+01
3.491215222691057818e+01
3.493083181611705612e+01
3.494951140532353406e+01
3.496819099453001911e+01
3.498687058373649705e+01
3.500555017294298210e+01
3.502422976214945294e+01
3.504290935135593799e+01
3.506158894056241593e+01
3.508026852976889387e+01
3.509894811897537892e+01
3.511762770818184975e+01
3.513630729738833480e+01
3.515498688659481274e+01
3.517366647580129779e+01
3.519234606500777574e+01
3.521102565421425368e+01
3.522970524342073162e+01
3.524838483262721667e+01
3.526706442183369461e+01
3.528574401104017255e+01
3.530442360024665049e+01
3.532310318945312844e+01
3.534178277865961348e+01
3.536046236786609143e+01
3.537914195707257647e+01
3.539782154627904731e+01
3.541650113548553236e+01
3.543518072469201030e+01
3.545386031389848824e+01
3.547253990310497329e+01
3.549121949231144413e+01
3.550989908151792918e+01
3.552857867072440712e+01
3.554725825993089217e+01
3.556593784913737011e+01
3.558461743834384805e+01
3.560329702755032599e+01
3.562197661675680394e+01
3.564065620596328898e+01
3.565933579516976693e+01
3.567801538437624487e+01
3.569669497358272281e+01
3.571537456278920786e+01
3.573405415199568580e+01
3.575273374120217085e+01
3.577141333040864168e+01
3.579009291961512673e+01
3.580877250882160467e+01
3.582745209802808262e+01
3.584613168723456766e+01
3.586481127644103850e+01
3.588349086564752355e+01
3.590217045485400149e+01
3.592085004406048654e+01
3.593952963326696448e+01
3.595820922247344242e+01
3.597688881167992037e+01
3.599556840088639831e+01
3.601424799009288336e+01
3.603292757929936130e+01
3.605160716850583924e+01
3.607028675771231718e+01
3.608896634691880223e+01
3.610764593612528017e+01
3.612632552533176522e+01
3.614500511453823606e+01
3.616368470374472111e+01
3.618236429295119905e+01
3.620104388215767699e+01
3.621972347136416204e+01
3.623840306057063287e+01
3.625708264977711792e+01
3.627576223898359586e+01
3.629444182819008091e+01
3.631312141739655885e+01
3.633180100660303680e+01
3.635048059580951474e+01
3.636916018501599268e+01
3.638783977422247773e+01
3.640651936342895567e+01
3.642519895263543361e+01
3.644387854184191156e+01
3.646255813104839660e+01
3.648123772025487455e+01
3.649991730946135959e+01
3.651859689866783043e+01
3.653727648787431548e+01
3.655595607708079342e+01
3.657463566628727136e+01
3.659331525549375641e+01
3.661199484470022725e+01
3.663067443390671230e+01
3.664935402311319024e+01
3.666803361231967529e+01
3.668671320152615323e+01
3.670539279073263117e+01
3.672407237993910911e+01
3.674275196914558705e+01
3.676143155835207210e+01
3.678011114755855004e+01
3.679879073676502799e+01
3.681747032597150593e+01
3.683614991517799098e+01
3.685482950438446892e+01
3.687350909359094686e+01
3.689218868279742480e+01
3.691086827200390275e+01
3.692954786121038779e+01
3.694822745041686574e+01
3.696690703962335078e+01
3.698558662882982162e+01
3.700426621803630667e+01
3.702294580724278461e+01
3.704162539644926966e+01
3.706030498565574760e+01
3.707898457486222554e+01
3.709766416406870349e+01
3.711634375327518143e+01
3.713502334248166648e+01
3.715370293168814442e+01
3.717238252089462236e+01
3.719106211010110030e+01
3.720974169930758535e+01
3.722842128851406329e+01
3.724710087772054123e+01
3.726578046692701918e+01
3.728446005613349712e+01
3.730313964533998217e+01
3.732181923454646011e+01
3.734049882375294516e+01
3.735917841295941599e+01
3.737785800216590104e+01
3.739653759137237898e+01
3.741521718057886403e+01
3.743389676978534197e+01
3.745257635899181992e+01
3.747125594819829786e+01
3.748993553740477580e+01
3.750861512661126085e+01
3.752729471581773879e+01
3.754597430502421673e+01
3.756465389423069468e+01
3.758333348343717972e+01
3.760201307264365767e+01
3.762069266185013561e+01
3.763937225105661355e+01
3.765805184026309149e+01
3.767673142946957654e+01
3.769541101867605448e+01
3.771409060788253953e+01
3.773277019708901037e+01
3.775144978629549541e+01
3.777012937550197336e+01
3.778880896470845840e+01
3.780748855391493635e+01
3.782616814312140718e+01
3.784484773232789223e+01
3.786352732153437017e+01
3.788220691074085522e+01
3.790088649994733316e+01
3.791956608915381111e+01
3.793824567836028905e+01
3.795692526756677410e+01
3.797560485677325204e+01
3.799428444597972998e+01
3.801296403518620792e+01
3.803164362439268587e+01
3.805032321359917091e+01
3.806900280280564886e+01
3.808768239201213390e+01
3.810636198121860474e+01
3.812504157042508979e+01
3.814372115963156773e+01
3.816240074883804567e+01
3.818108033804453072e+01
3.819975992725100156e+01
3.821843951645748660e+01
3.823711910566396455e+01
3.825579869487044959e+01
3.827447828407692754e+01
3.829315787328340548e+01
3.831183746248988342e+01
3.833051705169636847e+01
3.834919664090284641e+01
3.836787623010932435e+01
3.838655581931580230e+01
3.840523540852228024e+01
3.842391499772876529e+01
3.844259458693524323e+01
3.846127417614172828e+01
3.847995376534819911e+01
3.849863335455468416e+01
3.851731294376116210e+01
3.853599253296764005e+01
3.855467212217412509e+01
3.857335171138059593e+01
3.859203130058708098e+01
3.861071088979355892e+01
3.862939047900004397e+01
3.864807006820652191e+01
3.866674965741299985e+01
3.868542924661947779e+01
3.870410883582596284e+01
3.872278842503244078e+01
3.874146801423891873e+01
3.876014760344539667e+01
3.877882719265187461e+01
3.879750678185835966e+01
3.881618637106483760e+01
3.883486596027132265e+01
3.885354554947779349e+01
3.887222513868427853e+01
3.889090472789075648e+01
3.890958431709723442e+01
3.892826390630371947e+01
3.894694349551019030e+01
3.896562308471667535e+01
3.898430267392315329e+01
3.900298226312963834e+01
3.902166185233611628e+01
3.904034144154259423e+01
3.905902103074907217e+01
3.907770061995555011e+01
3.909638020916203516e+01
3.911505979836851310e+01
3.913373938757499104e+01
3.915241897678146898e+01
3.917109856598795403e+01
3.918977815519443197e+01
3.920845774440091702e+01
3.922713733360738786e+01
3.924581692281387291e+01
3.926449651202035085e+01
3.928317610122682879e+01
3.930185569043331384e+01
3.932053527963978468e+01
3.933921486884626972e+01
3.935789445805274767e+01
3.937657404725923271e+01
3.939525363646571066e+01
3.941393322567218860e+01
3.943261281487866654e+01
3.945129240408514448e+01
3.946997199329162953e+01
3.948865158249810747e+01
3.950733117170458542e+01
3.952601076091106336e+01
3.954469035011754841e+01
3.956336993932402635e+01
3.958204952853051140e+01
3.960072911773698223e+01
3.961940870694346728e+01
3.963808829614994522e+01
3.965676788535642316e+01
3.967544747456290821e+01
3.969412706376937905e+01
3.971280665297586410e+01
3.973148624218234204e+01
3.975016583138882709e+01
3.976884542059530503e+01
3.978752500980178297e+01
3.980620459900826091e+01
3.982488418821473886e+01
3.984356377742122390e+01
3.986224336662770185e+01
3.988092295583417979e+01
3.989960254504065773e+01
3.991828213424714278e+01
3.993696172345362072e+01
3.995564131266010577e+01
3.997432090186657661e+01
3.999300049107306165e+01
4.001168008027953960e+01
4.003035966948601754e+01
4.004903925869250259e+01
4.006771884789897342e+01
4.008639843710545847e+01
4.010507802631193641e+01
4.012375761551842146e+01
4.014243720472489940e+01
4.016111679393137734e+01
4.017979638313785529e+01
4.019847597234433323e+01
4.021715556155081828e+01
4.023583515075729622e+01
4.025451473996377416e+01
4.027319432917025210e+01
4.029187391837673715e+01
4.031055350758321509e+01
4.032923309678969304e+01
4.034791268599617098e+01
4.036659227520264892e+01
4.038527186440913397e+01
4.040395145361561191e+01
4.042263104282209696e+01
4.044131063202856780e+01
4.045999022123505284e+01
4.047866981044153079e+01
4.049734939964801583e+01
4.051602898885449378e+01
4.053470857806097172e+01
4.055338816726744966e+01
4.057206775647392760e+01
4.059074734568041265e+01
4.060942693488689059e+01
4.062810652409336853e+01
4.064678611329984648e+01
4.066546570250633152e+01
4.068414529171280947e+01
4.070282488091928741e+01
4.072150447012576535e+01
4.074018405933224329e+01
4.075886364853872834e+01
4.077754323774520628e+01
4.079622282695169133e+01
4.081490241615816217e+01
4.083358200536464722e+01
4.085226159457112516e+01
4.087094118377761021e+01
4.088962077298408815e+01
4.090830036219056609e+01
4.092697995139704403e+01
4.094565954060352198e+01
4.096433912981000702e+01
4.098301871901648497e+01
4.100169830822296291e+01
4.102037789742944085e+01
4.103905748663592590e+01
4.105773707584240384e+01
4.107641666504888178e+01
4.109509625425535972e+01
4.111377584346183767e+01
4.113245543266832271e+01
4.115113502187480066e+01
4.116981461108128570e+01
4.118849420028775654e+01
4.120717378949424159e+01
4.122585337870071953e+01
4.124453296790720458e+01
4.126321255711368252e+01
4.128189214632015336e+01
4.130057173552663841e+01
4.131925132473311635e+01
4.133793091393960140e+01
4.135661050314607934e+01
4.137529009235255728e+01
4.139396968155903522e+01
4.141264927076552027e+01
4.143132885997199821e+01
4.145000844917847616e+01
4.146868803838495410e+01
4.148736762759143204e+01
4.150604721679791709e+01
4.152472680600439503e+01
4.154340639521088008e+01
4.156208598441735091e+01
4.158076557362383596e+01
4.159944516283031390e+01
4.161812475203679185e+01
4.163680434124327689e+01
4.165548393044974773e+01
4.167416351965623278e+01
4.169284310886271072e+01
4.171152269806919577e+01
4.173020228727567371e+01
4.174888187648215165e+01
4.176756146568862960e+01
4.178624105489511464e+01
4.180492064410159259e+01
4.182360023330807053e+01
4.184227982251454847e+01
4.186095941172102641e+01
4.187963900092751146e+01
4.189831859013398940e+01
4.191699817934047445e+01
4.193567776854694529e+01
4.195435735775343034e+01
4.197303694695990828e+01
4.199171653616638622e+01
4.201039612537287127e+01
4.202907571457934210e+01
4.204775530378582715e+01
4.206643489299230509e+01
4.208511448219879014e+01
4.210379407140526808e+01
4.212247366061174603e+01
4.214115324981822397e+01
4.215983283902470902e+01
4.217851242823118696e+01
4.219719201743766490e+01
4.221587160664414284e+01
4.223455119585062079e+01
4.225323078505710583e+01
4.227191037426358378e+01
4.229058996347006882e+01
4.230926955267653966e+01
4.232794914188302471e+01
4.234662873108950265e+01
4.236530832029598059e+01
4.238398790950246564e+01
4.240266749870893648e+01
4.242134708791542153e+01
4.244002667712189947e+01
4.245870626632838452e+01
4.247738585553486246e+01
4.249606544474134040e+01
4.251474503394781834e+01
4.253342462315429628e+01
4.255210421236078133e+01
4.257078380156725927e+01
4.258946339077373722e+01
4.260814297998021516e+01
4.262682256918670021e+01
4.264550215839317815e+01
4.266418174759966320e+01
4.268286133680613403e+01
4.270154092601261908e+01
4.272022051521909702e+01
4.273890010442557497e+01
4.275757969363206001e+01
4.277625928283853085e+01
4.279493887204501590e+01
4.281361846125149384e+01
4.283229805045797889e+01
4.285097763966445683e+01
4.286965722887093477e+01
4.288833681807741272e+01
4.290701640728389066e+01
4.292569599649037571e+01
4.294437558569685365e+01
4.296305517490333159e+01
4.298173476410980953e+01
4.300041435331629458e+01
4.301909394252277252e+01
4.303777353172925757e+01
4.305645312093572841e+01
4.307513271014221345e+01
4.309381229934869140e+01
4.311249188855516934e+01
4.313117147776165439e+01
4.314985106696812522e+01
4.316853065617461027e+01
4.318721024538108821e+01
4.320588983458757326e+01
4.322456942379405120e+01
4.324324901300052915e+01
4.326192860220700709e+01
4.328060819141348503e+01
4.329928778061997008e+01
4.331796736982644802e+01
4.333664695903292596e+01
4.335532654823940391e+01
4.337400613744588895e+01
4.339268572665236690e+01
4.341136531585885194e+01
4.343004490506532278e+01
4.344872449427180783e+01
4.346740408347828577e+01
4.348608367268476371e+01
4.350476326189124876e+01
4.352344285109771960e+01
4.354212244030420464e+01
4.356080202951068259e+01
4.357948161871716763e+01
4.359816120792364558e+01
4.361684079713012352e+01
4.363552038633660146e+01
4.365419997554307940e+01
4.367287956474956445e+01
4.369155915395604239e+01
4.371023874316252034e+01
4.372891833236899828e+01
4.374759792157548333e+01
4.376627751078196127e+01
4.378495709998843921e+01
4.380363668919491715e+01
4.382231627840139510e+01
4.384099586760788014e+01
4.385967545681435809e+01
4.387835504602084313e+01
4.389703463522731397e+01
4.391571422443379902e+01
4.393439381364027696e+01
4.395307340284676201e+01
4.397175299205323995e+01
4.399043258125971789e+01
4.400911217046619583e+01
4.402779175967267378e+01
4.404647134887915882e+01
4.406515093808563677e+01
4.408383052729211471e+01
4.410251011649859265e+01
4.412118970570507770e+01
4.413986929491155564e+01
4.415854888411803358e+01
4.417722847332451153e+01
4.419590806253098947e+01
4.421458765173747452e+01
4.423326724094395246e+01
4.425194683015043751e+01
4.427062641935690834e+01
4.428930600856339339e+01
4.430798559776987133e+01
4.432666518697635638e+01
4.434534477618283432e+01
4.436402436538931227e+01
4.438270395459579021e+01
4.440138354380226815e+01
4.442006313300875320e+01
4.443874272221523114e+01
4.445742231142170908e+01
4.447610190062818702e+01
4.449478148983467207e+01
4.451346107904115001e+01
4.453214066824762796e+01
4.455082025745410590e+01
4.456949984666058384e+01
4.458817943586706889e+01
4.460685902507354683e+01
4.462553861428003188e+01
4.464421820348650272e+01
4.466289779269298776e+01
4.468157738189946571e+01
4.470025697110595075e+01
4.471893656031242870e+01
4.473761614951889953e+01
4.475629573872538458e+01
4.477497532793186252e+01
4.479365491713834757e+01
4.481233450634482551e+01
4.483101409555130346e+01
4.484969368475778140e+01
4.486837327396426645e+01
4.488705286317074439e+01
4.490573245237722233e+01
4.492441204158370027e+01
4.494309163079017821e+01
4.496177121999666326e+01
4.498045080920314120e+01
4.499913039840962625e+01
4.501780998761609709e+01
4.503648957682258214e+01
4.505516916602906008e+01
4.507384875523553802e+01
4.509252834444202307e+01
4.511120793364849391e+01
4.512988752285497895e+01
4.514856711206145690e+01
4.516724670126794194e+01
4.518592629047441989e+01
4.520460587968089783e+01
4.522328546888737577e+01
4.524196505809386082e+01
4.526064464730033876e+01
4.527932423650681670e+01
4.529800382571329465e+01
4.531668341491977259e+01
4.533536300412625764e+01
4.535404259333273558e+01
4.537272218253922063e+01
4.539140177174569146e+01
4.541008136095217651e+01
4.542876095015865445e+01
4.544744053936513239e+01
4.546612012857161744e+01
4.548479971777808828e+01
4.550347930698457333e+01
4.552215889619105127e+01
4.554083848539753632e+01
4.555951807460401426e+01
4.557819766381049220e+01
4.559687725301697014e+01
4.561555684222345519e+01
4.563423643142993313e+01
4.565291602063641108e+01
4.567159560984288902e+01
4.569027519904936696e+01
4.570895478825585201e+01
4.572763437746232995e+01
4.574631396666881500e+01
4.576499355587528584e+01
4.578367314508177088e+01
4.580235273428824883e+01
4.582103232349472677e+01
4.583971191270121182e+01
4.585839150190768265e+01
4.587707109111416770e+01
4.589575068032064564e+01
4.591443026952713069e+01
4.593310985873360863e+01
4.595178944794008657e+01
4.597046903714656452e+01
4.598914862635304246e+01
4.600782821555952751e+01
4.602650780476600545e+01
4.604518739397248339e+01
4.606386698317896133e+01
4.608254657238544638e+01
4.610122616159192432e+01
4.611990575079840937e+01
4.613858534000488021e+01
4.615726492921136526e+01
4.617594451841784320e+01
4.619462410762432114e+01
4.621330369683080619e+01
4.623198328603727703e+01
4.625066287524376207e+01
4.626934246445024002e+01
4.628802205365672506e+01
4.630670164286320301e+01
4.632538123206968095e+01
4.634406082127615889e+01
4.636274041048263683e+01
4.638141999968912188e+01
4.640009958889559982e+01
4.641877917810207776e+01
4.643745876730855571e+01
4.645613835651504075e+01
4.647481794572151870e+01
4.649349753492800374e+01
4.651217712413447458e+01
4.653085671334095963e+01
4.654953630254743757e+01
4.656821589175391551e+01
4.658689548096040056e+01
4.660557507016687140e+01
4.662425465937335645e+01
4.664293424857983439e+01
4.666161383778631944e+01
4.668029342699279738e+01
4.669897301619927532e+01
4.671765260540575326e+01
4.673633219461223121e+01
4.675501178381871625e+01
4.677369137302519420e+01
4.679237096223167214e+01
4.681105055143815008e+01
4.682973014064463513e+01
4.684840972985111307e+01
4.686708931905759812e+01
4.688576890826406895e+01
4.690444849747055400e+01
4.692312808667703194e+01
4.694180767588350989e+01
4.696048726508999493e+01
4.697916685429646577e+01
4.699784644350295082e+01
4.701652603270942876e+01
4.703520562191591381e+01
4.705388521112239175e+01
4.707256480032886969e+01
4.709124438953534764e+01
4.710992397874182558e+01
4.712860356794831063e+01
4.714728315715478857e+01
4.716596274636126651e+01
4.718464233556774445e+01
4.720332192477422950e+01
4.722200151398070744e+01
4.724068110318718539e+01
4.725936069239366333e+01
4.727804028160014127e+01
4.729671987080662632e+01
4.731539946001310426e+01
4.733407904921958931e+01
4.735275863842606014e+01
4.737143822763254519e+01
4.739011781683902313e+01
4.740879740604550818e+01
4.742747699525198612e+01
4.744615658445846407e+01
4.746483617366494201e+01
4.748351576287141995e+01
4.750219535207790500e+01
4.752087494128438294e+01
4.753955453049086088e+01
4.755823411969733883e+01
4.757691370890382387e+01
4.759559329811030182e+01
4.761427288731677976e+01
4.763295247652325770e+01
4.765163206572973564e+01
4.767031165493622069e+01
4.768899124414269863e+01
4.770767083334918368e+01
4.772635042255565452e+01
4.774503001176213957e+01
4.776370960096861751e+01
4.778238919017510256e+01
4.780106877938158050e+01
4.781974836858805844e+01
4.783842795779453638e+01
4.785710754700101432e+01
4.787578713620749937e+01
4.789446672541397731e+01
4.791314631462045526e+01
4.793182590382693320e+01
4.795050549303341825e+01
4.796918508223989619e+01
4.798786467144637413e+01
4.800654426065285207e+01
4.802522384985933002e+01
4.804390343906581506e+01
4.806258302827229301e+01
4.808126261747877805e+01
4.809994220668524889e+01
4.811862179589173394e+01
4.813730138509821188e+01
4.815598097430469693e+01
4.817466056351117487e+01
4.819334015271764571e+01
4.821201974192413076e+01
4.823069933113060870e+01
4.824937892033709375e+01
4.826805850954357169e+01
4.828673809875004963e+01
4.830541768795652757e+01
4.832409727716301262e+01
4.834277686636949056e+01
4.836145645557596850e+01
4.838013604478244645e+01
4.839881563398892439e+01
4.841749522319540944e+01
4.843617481240188738e+01
4.845485440160837243e+01
4.847353399081484326e+01
4.849221358002132831e+01
4.851089316922780625e+01
4.852957275843428420e+01
4.854825234764076924e+01
4.856693193684724008e+01
4.858561152605372513e+01
4.860429111526020307e+01
4.862297070446668812e+01
4.864165029367316606e+01
4.866032988287964400e+01
4.867900947208612195e+01
4.869768906129260699e+01
4.871636865049908494e+01
4.873504823970556288e+01
4.875372782891204082e+01
4.877240741811851876e+01
4.879108700732500381e+01
4.880976659653148175e+01
4.882844618573796680e+01
4.884712577494443764e+01
4.886580536415092268e+01
4.888448495335740063e+01
4.890316454256387857e+01
4.892184413177036362e+01
4.894052372097683445e+01
4.895920331018331950e+01
4.897788289938979744e+01
4.899656248859628249e+01
4.901524207780276043e+01
4.903392166700923838e+01
4.905260125621571632e+01
4.907128084542220137e+01
4.908996043462867931e+01
4.910864002383515725e+01
4.912731961304163519e+01
4.914599920224811314e+01
4.916467879145459818e+01
4.918335838066107613e+01
4.920203796986756117e+01
4.922071755907403201e+01
4.923939714828051706e+01
4.925807673748699500e+01
4.927675632669347294e+01
4.929543591589995799e+01
4.931411550510642883e+01
4.933279509431291388e+01
4.935147468351939182e+01
4.937015427272587687e+01
4.938883386193235481e+01
4.940751345113883275e+01
4.942619304034531069e+01
4.944487262955178863e+01
4.946355221875827368e+01
4.948223180796475162e+01
4.950091139717122957e+01
4.951959098637770751e+01
4.953827057558419256e+01
4.955695016479067050e+01
4.957562975399715555e+01
4.959430934320362638e+01
4.961298893241011143e+01
4.963166852161658937e+01
4.965034811082306732e+01
4.966902770002955236e+01
4.968770728923602320e+01
4.970638687844250825e+01
4.972506646764898619e+01
4.974374605685547124e+01
4.976242564606194918e+01
4.978110523526842712e+01
4.979978482447490507e+01
4.981846441368138301e+01
4.983714400288786806e+01
4.985582359209434600e+01
4.987450318130082394e+01
4.989318277050730188e+01
4.991186235971378693e+01
4.993054194892026487e+01
4.994922153812674992e+01
4.996790112733322076e+01
4.998658071653970580e+01
5.000526030574618375e+01
5.002393989495266169e+01
5.004261948415914674e+01
5.006129907336561757e+01
5.007997866257210262e+01
5.009865825177858056e+01
5.011733784098506561e+01
5.013601743019154355e+01
5.015469701939802150e+01
5.017337660860449944e+01
5.019205619781097738e+01
5.021073578701746243e+01
5.022941537622394037e+01
5.024809496543041831e+01
5.026677455463689626e+01
5.028545414384338130e+01
5.030413373304985925e+01
5.032281332225634429e+01
5.034149291146281513e+01
5.036017250066930018e+01
5.037885208987577812e+01
5.039753167908225606e+01
5.041621126828874111e+01
5.043489085749521195e+01
5.045357044670169699e+01
5.047225003590817494e+01
5.049092962511465998e+01
5.050960921432113793e+01
5.052828880352761587e+01
5.054696839273409381e+01
5.056564798194057175e+01
5.058432757114705680e+01
5.060300716035353474e+01
5.062168674956001269e+01
5.064036633876649063e+01
5.065904592797297568e+01
5.067772551717945362e+01
5.069640510638593156e+01
5.071508469559240950e+01
5.073376428479888745e+01
5.075244387400537249e+01
5.077112346321185044e+01
5.078980305241833548e+01
5.080848264162480632e+01
5.082716223083129137e+01
5.084584182003776931e+01
5.086452140924425436e+01
5.088320099845073230e+01
5.090188058765721024e+01
5.092056017686368818e+01
5.093923976607016613e+01
5.095791935527665117e+01
5.097659894448312912e+01
5.099527853368960706e+01
5.101395812289608500e+01
5.103263771210257005e+01
5.105131730130904799e+01
5.106999689051552593e+01
5.108867647972200388e+01
5.110735606892848182e+01
5.112603565813496687e+01
5.114471524734144481e+01
5.116339483654792986e+01
5.118207442575440069e+01
5.120075401496088574e+01
5.121943360416736368e+01
5.123811319337384873e+01
5.125679278258032667e+01
5.127547237178680462e+01
5.129415196099328256e+01
5.131283155019976050e+01
5.133151113940624555e+01
5.135019072861272349e+01
5.136887031781920143e+01
5.138754990702567937e+01
5.140622949623216442e+01
5.142490908543864236e+01
5.144358867464512031e+01
5.146226826385159825e+01
5.148094785305807619e+01
5.149962744226456124e+01
5.151830703147103918e+01
5.153698662067752423e+01
5.155566620988399507e+01
5.157434579909048011e+01
5.159302538829695806e+01
5.161170497750344310e+01
5.163038456670992105e+01
5.164906415591639188e+01
5.166774374512287693e+01
5.168642333432935487e+01
5.170510292353583992e+01
5.172378251274231786e+01
5.174246210194879581e+01
5.176114169115527375e+01
5.177982128036175880e+01
5.179850086956823674e+01
5.181718045877471468e+01
5.183586004798119262e+01
5.185453963718767056e+01
5.187321922639415561e+01
5.189189881560063355e+01
5.191057840480711860e+01
5.192925799401358944e+01
5.194793758322007449e+01
5.196661717242655243e+01
5.198529676163303037e+01
5.200397635083951542e+01
5.202265594004598626e+01
5.204133552925247130e+01
5.206001511845894925e+01
5.207869470766543429e+01
5.209737429687191224e+01
5.211605388607839018e+01
5.213473347528486812e+01
5.215341306449135317e+01
5.217209265369783111e+01
5.219077224290430905e+01
5.220945183211078700e+01
5.222813142131726494e+01
5.224681101052374999e+01
5.226549059973022793e+01
5.228417018893671298e+01
5.230284977814318381e+01
5.232152936734966886e+01
5.234020895655614680e+01
5.235888854576262474e+01
5.237756813496910979e+01
5.239624772417558063e+01
5.241492731338206568e+01
5.243360690258854362e+01
5.245228649179502867e+01
5.247096608100150661e+01
5.248964567020798455e+01
5.250832525941446249e+01
5.252700484862094754e+01
5.254568443782742548e+01
5.256436402703390343e+01
5.258304361624038137e+01
5.260172320544685931e+01
5.262040279465334436e+01
5.263908238385982230e+01
5.265776197306630735e+01
5.267644156227277819e+01
5.269512115147926323e+01
5.271380074068574118e+01
5.273248032989221912e+01
5.275115991909870417e+01
5.276983950830517500e+01
5.278851909751166005e+01
5.280719868671813799e+01
5.282587827592462304e+01
5.284455786513110098e+01
5.286323745433757892e+01
5.288191704354405687e+01
5.290059663275053481e+01
5.291927622195701986e+01
5.293795581116349780e+01
5.295663540036997574e+01
5.297531498957645368e+01
5.299399457878293873e+01
5.301267416798941667e+01
5.303135375719590172e+01
5.305003334640237256e+01
5.306871293560885761e+01
5.308739252481533555e+01
5.310607211402181349e+01
5.312475170322829854e+01
5.314343129243476938e+01
5.316211088164125442e+01
5.318079047084773237e+01
5.319947006005421741e+01
5.321814964926069536e+01
5.323682923846717330e+01
5.325550882767365124e+01
5.327418841688012918e+01
5.329286800608661423e+01
5.331154759529309217e+01
5.333022718449957011e+01
5.334890677370604806e+01
5.336758636291253310e+01
5.338626595211901105e+01
5.340494554132549609e+01
5.342362513053196693e+01
5.344230471973845198e+01
5.346098430894492992e+01
5.347966389815140786e+01
5.349834348735789291e+01
5.351702307656436375e+01
5.353570266577084880e+01
5.355438225497732674e+01
5.357306184418381179e+01
5.359174143339028973e+01
5.361042102259676767e+01
5.362910061180324561e+01
5.364778020100972356e+01
5.366645979021620860e+01
5.368513937942268655e+01
5.370381896862916449e+01
5.372249855783564243e+01
5.374117814704212748e+01
5.375985773624860542e+01
5.377853732545509047e+01
5.379721691466156130e+01
5.381589650386804635e+01
5.383457609307452429e+01
5.385325568228100224e+01
5.387193527148748728e+01
5.389061486069395812e+01
5.390929444990044317e+01
5.392797403910692111e+01
5.394665362831340616e+01
5.396533321751988410e+01
5.398401280672636204e+01
5.400269239593283999e+01
5.402137198513931793e+01
5.404005157434580298e+01
5.405873116355228092e+01
5.407741075275875886e+01
5.409609034196523680e+01
5.411476993117172185e+01
5.413344952037819979e+01
5.415212910958467774e+01
5.417080869879115568e+01
5.418948828799763362e+01
5.420816787720411867e+01
5.422684746641059661e+01
5.424552705561708166e+01
5.426420664482355249e+01
5.428288623403003754e+01
5.430156582323651548e+01
5.432024541244300053e+01
5.433892500164947847e+01
5.435760459085595642e+01
5.437628418006243436e+01
5.439496376926891230e+01
5.441364335847539735e+01
5.443232294768187529e+01
5.445100253688835323e+01
5.446968212609483118e+01
5.448836171530131622e+01
5.450704130450779417e+01
5.452572089371427211e+01
5.454440048292075005e+01
5.456308007212722799e+01
5.458175966133371304e+01
5.460043925054019098e+01
5.461911883974667603e+01
5.463779842895314687e+01
5.465647801815963902e+01
5.467515760736610986e+01
5.469383719657258780e+01
5.471251678577907285e+01
5.473119637498555079e+01
5.474987596419203584e+01
5.476855555339850667e+01
5.478723514260498462e+01
5.480591473181146966e+01
5.482459432101794761e+01
5.484327391022443265e+01
5.486195349943091060e+01
5.488063308863738143e+01
5.489931267784386648e+01
5.491799226705034442e+01
5.493667185625682947e+01
5.495535144546330741e+01
5.497403103466977825e+01
5.499271062387627040e+01
5.501139021308274124e+01
5.503006980228923339e+01
5.504874939149570423e+01
5.506742898070218217e+01
5.508610856990866722e+01
5.510478815911513806e+01
5.512346774832163021e+01
5.514214733752810105e+01
5.516082692673457899e+01
5.517950651594106404e+01
5.519818610514754198e+01
5.521686569435402703e+01
5.523554528356050497e+01
5.525422487276697581e+01
5.527290446197346085e+01
5.529158405117993880e+01
5.531026364038642384e+01
5.532894322959290179e+01
5.534762281879937262e+01
5.536630240800586478e+01
5.538498199721233561e+01
5.540366158641882066e+01
5.542234117562529860e+01
5.544102076483177655e+01
5.545970035403826159e+01
5.547837994324473243e+01
5.549705953245122458e+01
5.551573912165769542e+01
5.553441871086417336e+01
5.555309830007065841e+01
5.557177788927713635e+01
5.559045747848362140e+01
5.560913706769009934e+01
5.562781665689657018e+01
5.564649624610305523e+01
5.566517583530953317e+01
5.568385542451601822e+01
5.570253501372249616e+01
5.572121460292896700e+01
5.573989419213545915e+01
5.575857378134192999e+01
5.577725337054841503e+01
5.579593295975489298e+01
5.581461254896137092e+01
5.583329213816785597e+01
5.585197172737432680e+01
5.587065131658081896e+01
5.588933090578728979e+01
5.590801049499376774e+01
5.592669008420025278e+01
5.594536967340673073e+01
5.596404926261321577e+01
5.598272885181969372e+01
5.600140844102616455e+01
5.602008803023264960e+01
5.603876761943912754e+01
5.605744720864561259e+01
5.607612679785209053e+01
5.609480638705856137e+01
5.611348597626505352e+01
5.613216556547152436e+01
5.615084515467800941e+01
5.616952474388448735e+01
5.618820433309096529e+01
5.620688392229745034e+01
5.622556351150392118e+01
5.624424310071041333e+01
5.626292268991688417e+01
5.628160227912336211e+01
5.630028186832984716e+01
5.631896145753632510e+01
5.633764104674281015e+01
5.635632063594928098e+01
5.637500022515575893e+01
5.639367981436224397e+01
5.641235940356872192e+01
5.643103899277520696e+01
5.644971858198168491e+01
5.646839817118815574e+01
5.648707776039464790e+01
5.650575734960111873e+01
5.652443693880760378e+01
5.654311652801408172e+01
5.656179611722055967e+01
5.658047570642704471e+01
5.659915529563351555e+01
5.661783488484000770e+01
5.663651447404647854e+01
5.665519406325295648e+01
5.667387365245944153e+01
5.669255324166591947e+01
5.671123283087240452e+01
5.672991242007887536e+01
5.674859200928535330e+01
5.676727159849183835e+01
5.678595118769831629e+01
5.680463077690480134e+01
5.682331036611127928e+01
5.684198995531775012e+01
5.686066954452424227e+01
5.687934913373071311e+01
5.689802872293719815e+01
5.691670831214367610e+01
5.693538790135015404e+01
5.695406749055663909e+01
5.697274707976310992e+01
5.699142666896960208e+01
5.701010625817607291e+01
5.702878584738255086e+01
5.704746543658903590e+01
5.706614502579551385e+01
5.708482461500199889e+01
5.710350420420846973e+01
5.712218379341494767e+01
5.714086338262143272e+01
5.715954297182791066e+01
5.717822256103439571e+01
5.719690215024087365e+01
5.721558173944734449e+01
5.723426132865383664e+01
5.725294091786030748e+01
5.727162050706679253e+01
5.729030009627327047e+01
5.730897968547974131e+01
5.732765927468623346e+01
5.734633886389270430e+01
5.736501845309919645e+01
5.738369804230566729e+01
5.740237763151214523e+01
5.742105722071863028e+01
5.743973680992510822e+01
5.745841639913159327e+01
5.747709598833806410e+01
5.749577557754454205e+01
5.751445516675102709e+01
5.753313475595750504e+01
5.755181434516399008e+01
5.757049393437046803e+01
5.758917352357693886e+01
5.760785311278342391e+01
5.762653270198990185e+01
5.764521229119638690e+01
5.766389188040286484e+01
5.768257146960933568e+01
5.770125105881582783e+01
5.771993064802229867e+01
5.773861023722879082e+01
5.775728982643526166e+01
5.777596941564173960e+01
5.779464900484822465e+01
5.781332859405470259e+01
5.783200818326118764e+01
5.785068777246765848e+01
5.786936736167413642e+01
5.788804695088062147e+01
5.790672654008709941e+01
5.792540612929358446e+01
5.794408571850006240e+01
5.796276530770653324e+01
5.798144489691301828e+01
5.800012448611949623e+01
5.801880407532598127e+01
5.803748366453245922e+01
5.805616325373893005e+01
5.807484284294542221e+01
5.809352243215189304e+01
5.811220202135838520e+01
5.813088161056485603e+01
5.814956119977133397e+01
5.816824078897781902e+01
5.818692037818429696e+01
5.820559996739078201e+01
5.822427955659725285e+01
5.824295914580373079e+01
5.826163873501021584e+01
5.828031832421669378e+01
5.829899791342317883e+01
5.831767750262965677e+01
5.833635709183612761e+01
5.835503668104261266e+01
5.837371627024909060e+01
5.839239585945557565e+01
5.841107544866205359e+01
5.842975503786852443e+01
5.844843462707501658e+01
5.846711421628148742e+01
5.848579380548797957e+01
5.850447339469445041e+01
5.852315298390092835e+01
5.854183257310741340e+01
5.856051216231388423e+01
5.857919175152037639e+01
5.859787134072684722e+01
5.861655092993332516e+01
5.863523051913981021e+01
5.865391010834628815e+01
5.867258969755277320e+01
5.869126928675925114e+01
5.870994887596572198e+01
5.872862846517220703e+01
5.874730805437868497e+01
5.876598764358517002e+01
5.878466723279164796e+01
5.880334682199811880e+01
5.882202641120461095e+01
5.884070600041108179e+01
5.885938558961756684e+01
5.887806517882404478e+01
5.889674476803052272e+01
5.891542435723700777e+01
5.893410394644347861e+01
5.895278353564997076e+01
5.897146312485644160e+01
5.899014271406291954e+01
5.900882230326940459e+01
5.902750189247588253e+01
5.904618148168236758e+01
5.906486107088884552e+01
5.908354066009531635e+01
5.910222024930180140e+01
5.912089983850827934e+01
5.913957942771476439e+01
5.915825901692124233e+01
5.917693860612771317e+01
5.919561819533420532e+01
5.921429778454067616e+01
5.923297737374716121e+01
5.925165696295363915e+01
5.927033655216011709e+01
5.928901614136660214e+01
5.930769573057307298e+01
5.932637531977956513e+01
5.934505490898603597e+01
5.936373449819251391e+01
5.938241408739899896e+01
5.940109367660547690e+01
5.941977326581196195e+01
5.943845285501843989e+01
5.945713244422491073e+01
5.947581203343139578e+01
5.949449162263787372e+01
5.951317121184435877e+01
5.953185080105083671e+01
5.955053039025730754e+01
5.956920997946379970e+01
5.958788956867027053e+01
5.960656915787675558e+01
5.962524874708323352e+01
5.964392833628971147e+01
5.966260792549619651e+01
5.968128751470266735e+01
5.969996710390915950e+01
5.971864669311563034e+01
5.973732628232210828e+01
5.975600587152859333e+01
5.977468546073507127e+01
5.979336504994155632e+01
5.981204463914802716e+01
5.983072422835450510e+01
5.984940381756099015e+01
5.986808340676746809e+01
5.988676299597395314e+01
5.990544258518043108e+01
5.992412217438690192e+01
5.994280176359339407e+01
5.996148135279986491e+01
5.998016094200634996e+01
